Timepoint	Acidobacteria	Actinobacteria	Bacteroidetes	Cyanobacteria	Firmicutes	Fusobacteria	Proteobacteria	Tenericutes	Verrucomicrobia
0	0	0.0292145176742145	0.292294484328851	0.000447922758208132	0.643241965385691	0	0.00971743539336339	0.0250836744596714	0
1	7.92612848254434e-06	0.0702809812547564	0.234740221139065	0.000229857725994206	0.650307137478586	0	0.00733166884636002	0.0371022074267555	0
2	0	0.0632915745939437	0.252830967387175	6.01876133892416e-05	0.647997042208448	0	0.00742887113832513	0.0283913570587196	0
3	0	0.14412568306013	0	0.0846994535519762	0.0546448087432492	0	0.716530054644645	0	0
4	0	0.0786032931183759	0.263612155253919	0.000188373905076942	0.6516281499118	0	0.00136999203691958	0.00459803577390859	0
5	0	0.0766334282477804	0.264042040919211	0.000252861179212266	0.643878010972355	0	0.00285293373937015	0.0123407249420716	0
6	0	0.0193757284108027	0.485539869920067	1.4098274371202e-05	0.456050979360063	4.69942479041065e-06	0.0198221737659027	0.0191924508440027	0
7	0	0.0575720165663126	0.137109959889585	9.61448152400484e-05	0.719167199234904	2.77747442307709e-05	0.0115040299551636	0.0745228747945639	0
8	0	0.0936734855066183	0.221254852879807	6.0755925221547e-06	0.625658442339454	0	0.00930780774394188	0.0500993359376563	0
9	0	0.104225128233673	0.109354462031581	6.11362788792522e-06	0.740317541831935	0	0.00405333528968957	0.0420434189852336	0
10	0	0.087691272910779	0.310920071744737	0	0.562790762849666	0	0.00217196345496569	0.0364259290398523	0
11	0	0	0	0	1	0	0	0	0
12	0	0.0452019324892414	0.426758028355399	0.000907827844264079	0.48396697085509	0	0.0247402822949797	0.0184249581610261	0
13	0	0.0549823309036332	0.233812185034356	8.85668990072175e-06	0.668263823078427	0	0.00292713601217973	0.040005668281503	0
14	0	0.0161185821969011	0.340418134985023	0	0.596466553942041	0.000260741770832018	0.0163951264993011	0.0303408606059021	0
15	0	0.065914293260542	0.22994893691958	1.10049742483754e-05	0.58932187348668	5.50248712417769e-05	0.0888431571070369	0.0259057093806709	0
16	0	0.0577320832766949	0.375127698013748	0	0.533307164676376	5.03243403737919e-06	0.012923290607965	0.0209047309911787	0
17	0	0.0728138574142543	0.284773050304953	1.32835642459517e-05	0.561084470184974	6.64178212297585e-06	0.021990940609163	0.0593177561402873	0
18	0	0.10014213558709	0.25518414172923	0	0.623918119749561	0	0.00639610142390576	0.0143595015102129	0
19	0	0.128786644951039	0.0728013029316218	0	0.692589576547208	0	0.0938110749186281	0.0120114006515036	0
20	0	0.0873387482083424	0.241350533524841	0	0.644204491160575	0	0.00649147953495572	0.0206147475712864	0
21	0	0.0310536044362808	0.321677029070801	0.000974626113257398	0.589463955637636	0	0.00851957654175474	0.0483112082002701	0
22	0	0.0776423056757566	0.212587254428442	2.57008625208756e-05	0.673804652884028	4.62615525377161e-05	0.00363924213296447	0.0322545824637504	0
23	0	0.031243413146	0.22440602754883	5.91661273920682e-05	0.64154941296144	1.10936488860378e-05	0.0215660534344327	0.0811648331330201	0
24	0	0.0560130239412087	0.316261977711736	6.29784393312249e-06	0.565933702597156	0	0.00633877991868928	0.0554462179872762	0
25	0	0.0639119888022	0.284738012147967	3.80013807168479e-05	0.575201565656786	0	0.0121351075755922	0.0639753244367377	0
26	0	0.128334885046672	0.00420076353220661	4.45468030987277e-06	0.812738603814354	0	0.00584899524685764	0.0488678429992904	4.45468030987277e-06
27	0	0.0762510875135279	0.278081685676102	0.000194659960830071	0.610449664509224	4.76718271420175e-05	0.0129707096349048	0.0220005482260081	3.97265226183146e-06
28	0	0.0805161752713791	0.084414183484378	0	0.795661728945793	0	0.00107871709455972	0.03832919520389	0
29	1.99747918127669e-06	0.0382377439671109	0.220799351218733	1.39823542688968e-05	0.555241285497241	1.99747918127669e-06	0.0066556006320057	0.179048041372278	0
30	0	0.0974529872509307	0.144521604076046	2.79338972256088e-06	0.688953261003217	2.79338972256088e-06	0.00473479557974149	0.0643317653106203	0
32	0	0.0412284812217089	0.217572996766047	3.84092428002083e-06	0.648624565015141	0	0.000710570991803154	0.0918595450810199	0
33	0	0.0752256493562774	0.191594151913943	0	0.678044843605797	0	0.00113816259169966	0.0539971925322838	0
34	0	0.0910852008913415	0.305472547808139	1.11815861639051e-05	0.568262185832259	0	0.00412600529448188	0.0310428785876142	0
35	0	0	0	1	0	0	0	0	0
36	0	0.0472482129365847	0.274022845998911	0	0.647243047080791	1.93719610235937e-05	0.0137992935691955	0.0176672284534943	0
37	0	0.0670941721361006	0.272466417576002	4.71166939158004e-06	0.592313382555005	0	0.0211318372212002	0.0469894788423004	0
38	0	0.0799651892007002	0.201975712159657	0	0.676518654336901	0	0.00518840348639854	0.0363520408163424	0
39	0	0.0640114833729322	0.343589316857636	0	0.568787554131397	0	0.00818259672625133	0.0154290489117836	0
40	0	0.0710670583820843	0.301529337470109	3.66089161015065e-05	0.590346228824039	9.15222902537663e-06	0.00744076219762715	0.0295708519810146	0
41	0	0.156695401311674	0.200862039358513	8.58604938695473e-05	0.619603667960565	1.71720987739095e-05	0.0125528042036898	0.0101830545729143	0
42	0	0.113394311489902	0.129425031508888	7.37044598568361e-06	0.727757836626369	7.37044598568361e-06	0.00885190562880232	0.0205488034080822	7.37044598568361e-06
43	0	0.102461878575877	0.245827108876705	0	0.595304717020286	0	0.00586910372449296	0.0505371918026394	0
44	0	0.0813753722792128	0.0354099688761485	9.80999779987079e-06	0.716885994747314	2.23772640927473e-05	0.0249192049422787	0.141377271893154	0
45	0	0.0458055294559881	0.165215585963957	5.32343883501862e-06	0.715113509024814	0.000143732848544963	0.00852548729427778	0.0651908319735831	0
46	0	0.0786032429084673	0.0782405652880674	4.0750294420883e-06	0.784487992925673	8.15005888417661e-06	0.00626332025248739	0.0523926535369782	0
47	0	0.108491389239589	0.0494272291292894	0	0.691565852943511	0	0.00788127133493662	0.142634257352674	0
49	0	0.0902410738051153	0.207260732347035	0	0.677440206852115	0	0.00403057150463069	0.0210274154911036	0
50	0	0.11464017718697	0.243959984530937	1.9531173706295e-05	0.62227491298884	3.90623474126899e-06	0.00938668208326758	0.0097148058015375	0
51	0	0.105354832748017	0.199824431713033	4.62021807429077e-06	0.678973387544113	0	0.00257808168546043	0.0132646460913022	0
52	0	0.106603133529902	0.140721690149757	3.15561936919369e-06	0.715277931176113	0	0.00681929345682987	0.0305747960680288	0
53	0	0.0710942997234171	0.0785514573661189	3.72299432988089e-06	0.710131384470171	3.72299432988089e-06	0.0327809650746079	0.107434447377026	0
54	0	0.0855834236924601	0.306332249024339	1.18503771382174e-05	0.582096450218982	0	0.0089470347393901	0.0170289919476907	0
55	0	0.0804280576072452	0.211479995855673	2.96028773996598e-06	0.670854487056077	0	0.00665768712718768	0.0305768120660776	0
56	0	0.105081164945992	0.125675686827991	2.47579906414981e-05	0.710872058956947	4.12633177357969e-06	0.00420679524315968	0.0541354097034959	0
57	0	0.0716715685994364	0.115487453137897	4.55111758381596e-05	0.734237488693348	2.84444848987747e-06	0.00380587207945662	0.0747492618655336	0
58	0	0.109973779344006	0.273247684558103	0	0.564785417342767	0	0.00406862995058901	0.0479244888045357	0
59	0	0.162167058224127	0.108236859237085	0.000234934473096184	0.623799145178489	2.83053582043222e-06	0.0541736250672425	0.0513855472841403	0
60	0	0.0973252355870606	0.231786042733906	2.98589463375879e-05	0.619122266413749	5.97178926749758e-06	0.0216208630429912	0.0301097614866878	0
61	0	0.0684435856634484	0.319149238463226	9.4718496628067e-06	0.590522467227418	0	0.00630825187543446	0.015566984920811	0
63	0	0	0.384615384616	0	0.615384615384	0	0	0	0
64	0	0.0301042652903952	0.238441926933962	5.93596870556906e-06	0.635000252278899	2.96798435278953e-06	0.0184222788776971	0.0780223726659876	0
65	0	0.0684572672434003	0.226137111304001	0	0.621790969519003	4.30432830957002e-05	0.0102320032959	0.0733396053546003	0
66	0	0.0806329647444647	0.116024941736093	6.19824465711498e-06	0.72213889026658	0	0.00295656270144237	0.0782404423067628	0
67	0	0.0641271399480888	0.279995754926951	1.32658543541977e-05	0.582914906176898	0	0.00497469538281913	0.0679742377108881	0
68	0	0.0202378334308	0.354475870688	0	0.581206116943	0	0.0124548765508	0.0316253023874	0
69	0	0.0111726169315991	0.204966736071983	0.000253923112081979	0.714031791173941	0	0.0428114366969965	0.0267634960133978	0
70	0	0.0589367039282705	0.388385572684806	0	0.483305326221758	0	0.0158788144467921	0.0534935827183732	0
72	0	0.0464358321982993	0.133715705344998	3.99413660745994e-06	0.735727951366989	3.99413660745994e-06	0.0267886742261996	0.0573238485902991	0
73	0	0.0102109804258031	0.45214307177205	0	0.442436469780204	0.000193166208791271	0.0714339371565701	0.0235823746565814	0
74	0	0.00502100375268449	0.482867088680432	7.67913502225687e-06	0.419492433291375	4.40218348301394e-06	0.061479107931655	0.0285206560693255	0.00260762895602233
75	0	0.01884684509641	0.211395540875199	0.00320590664010974	0.635206683829794	0	0.0988002137270994	0.0294846262203664	0.00306018361102158
76	0	0.0230297794217307	0.277491292961526	0	0.606144874321625	0	0.0517562569183424	0.0351791355057987	0.00639866087097792
77	0	0.007382536482655	0.126459478612914	3.44013815594767e-05	0.704946230640523	0.00020640828935686	0.0971701423528343	0.0638008022401568	0
78	0	0.00171170514968291	0.397261271760251	0	0.498688906694032	0	0.0890086677835713	0.0133294486124622	0
79	0	0.00361810177618481	0.230247015981082	0	0.571166318553389	0.0235715737085638	0.144130678149669	0.0272663118311109	0
80	0	0.00242485929829186	0.218057717638509	5.98730690934384e-05	0.377709256376219	0.000119746138187277	0.374266554903943	0.0273619925757558	0
81	0	0.00659329287674084	0.028524122434225	0	0.558352859434558	8.13074233678359e-05	0.290223151918929	0.116225265912179	0
82	0	0.000964955175223701	0.262617766910845	0	0.367158924205639	0.00283618581906574	0.301405052974688	0.0650171149145391	0
84	0.000160886253418955	0.0219372453844938	0.206496759562942	2.64424020036925e-05	0.515566229902854	0.0042520405830588	0.169686325925952	0.0818740699852769	0
85	0	0.000209363795765389	0.371398288450896	0	0.357959749810173	0.0234749156001914	0.22586427991958	0.0210934024233937	0
87	0	0.000813362381989892	0.388206245461194	0	0.32039215686227	0.0352214960058087	0.245127087872665	0.0102396514160735	0
88	0	0.0013581721507327	0.426234877090038	9.63242660090707e-06	0.340371426369153	0.0188602912845384	0.201481467212061	0.0116841334668767	0
89	0	0	0.00885739592558778	0	0.015943312666078	0.000885739592558778	0.972542072630658	0.00177147918511756	0
90	0	0.0215872820069476	0.13646246125854	2.31292307218153e-05	0.593411253141311	0.00117959076681128	0.146284674572142	0.101051609023526	0
91	0	0.0111410517026627	0.297522810003517	2.36373091287855e-05	0.489221387037012	0.00118186545643927	0.156904457996573	0.0440047904946669	0
96	0	0.00206906308579378	0.308750191580349	1.17895332523227e-05	0.486459721059192	0.00176253522123359	0.171920868652848	0.0290258308673311	0
97	0	0.00326674542654895	0.492616260337842	0	0.40628468120087	9.84498621701685e-05	0.0606630150717806	0.0370708481007881	0
98	0	0.00481133584096842	0.405487147753867	0.000368498265276879	0.480667746667843	6.95279745805772e-05	0.0827591481432729	0.0258365953541915	0
99	0	0.00901372935889022	0.341129949978295	0	0.540930190671926	0.000352034843262367	0.0658550762605859	0.0427190188870406	0
100	0	0.00861864644157863	0.472425718041306	0	0.431664907026092	0.00105578418909378	0.0621727607678636	0.0240621835340656	0
101	0	0.0212406115814455	0.369161634327836	4.87393565429683e-06	0.465797156545984	0.000350923367109972	0.119640498506345	0.0238043017356259	0
102	0	0.0485188822934898	0.198089706907718	0	0.537778821654107	0.000185050746608622	0.136062120112203	0.0793654182858736	0
103	0	0.0165896316693569	0.446339009463277	9.83425497952826e-05	0.393975384103411	3.02592460908254e-05	0.116641828869067	0.0263255440990021	0
105	0	0.00135625948232594	0.130281366373846	0	0.416084317962766	0.00173555238839031	0.447600110339505	0.00294239345316694	0
106	0	0.0314569411756798	0.292559062906224	0.000110283981251616	0.49023505977488	0.00028796372882372	0.158060780860631	0.0272899075725101	0
107	0	0.00154696561723543	0.110125828500212	7.11992543496374e-05	0.252614954432078	0.000427195526098424	0.634508336786016	0.000705519884010443	0
108	0	0.00384913432713454	0.428752778514262	0.000254909558089148	0.302332932275301	0.052582743642497	0.199843995350775	0.0123835063319415	0
112	0	0.00334968414930332	0.263203474521317	0	0.605619626207665	0.0116863127003752	0.0991571867882857	0.0169837156330544	0
113	0	0.00207503762544474	0.299756818713272	0.00011072335155468	0.276545923534909	0.0450151937043853	0.367523610729613	0.00897269234082108	0
114	0	0.00434544957637931	0.547362667395084	0	0.304454769063066	0.0286417053839114	0.106805138015836	0.00839027056572276	0
115	0	0.0363871245559593	0.272939318907694	0	0.489539598808452	0.0033013959163163	0.186815947177791	0.0110166146337877	0
116	0	0.0323837037821071	0.261497273628029	0.000234445309958655	0.593804593615443	0.00233689034765785	0.0865330076307886	0.0232100856860158	0
117	0	0.00617020964021864	0.442954942778903	0	0.464491912617898	0.0036433618827992	0.0596012869293869	0.0231382861507949	0
118	0	0.0171707003195636	0.278581510232483	0	0.647473950766365	0.00038399269375969	0.0177622566316653	0.0386275893561626	0
119	0	0.0063785632951654	0.331616280617465	1.97173517624997e-05	0.494816801155923	0.000236608221149996	0.11356701681338	0.0533650125451536	0
120	0	0.022903222943648	0.288881980107955	1.1516601308397e-05	0.571184407917065	0.00019068084820825	0.0483727779282483	0.0684554136535667	0
122	0	0.00351386651286266	0.339877080970826	0	0.464725421167251	0.000397796209003037	0.164720780210982	0.0267650549290749	0
123	0	0.0225028870708384	0.285356451586364	8.13259380945899e-06	0.553703583221173	2.84640783332165e-05	0.0961597892031293	0.0422406922463524	0
124	0	0	0.5	0	0.5	0	0	0	0
125	0	0.025602216014639	0.412294440093642	0.000181161537652545	0.496411832770882	5.84392056942757e-06	0.0337544852089535	0.0317500204536615	0
126	0	0.0160969851758313	0.18114989267246	2.10033731417692e-05	0.703440772588528	9.66155164518782e-05	0.053062921905169	0.0461318087684182	0
127	0	0.0959126917854621	0.212225618832435	3.63058111081221e-06	0.642173556299486	2.17834866649333e-05	0.0215329765682631	0.0281297424465779	0
128	0	0.112549455984107	0.213802340916172	3.2970656116117e-05	0.647753874052607	2.06066600725731e-05	0.0131882624463868	0.0126524892845389	0
129	0	0.0565910896534346	0.312053616899919	0.000240379718470373	0.608698486422644	2.03711625821875e-05	0.0110737639797103	0.0113222921632392	0
134	0	0.014657016155311	0.455672494834341	0	0.463937456953347	1.2083277951609e-05	0.0382194081610286	0.0275015406180206	0
135	0	0.00940465336169984	0.403826022355341	8.44223820619547e-06	0.54150204302137	0	0.0233934420693618	0.0218653969540211	0
136	0	0.0495969430485795	0.186697375767923	2.61725293131892e-05	0.70069095477371	0	0.016820212171993	0.0461683417084809	0
138	0	0.0676746784224882	0.359449544054937	1.50975300440974e-05	0.550380457756904	0	0.00370644362582935	0.0187737786097967	0
139	0	0.0750366162065018	0.237556824805154	0	0.641921375248423	0	0.0128017352787606	0.0326834484611609	0
140	0	0.0621140308714336	0.170559567775227	0	0.721195675320713	6.08424242054957e-06	0.00228159090770609	0.0438430508824996	0
141	0	0.0609461634771073	0.337579368627995	1.67680200321958e-05	0.556731801108946	5.58934001073862e-06	0.00192832230370652	0.042791987122203	0
142	0	0.0414326572627031	0.412180671465913	0	0.525863138447569	0	0.00740335900590958	0.0131201738179055	0
143	0	0.0820334162814877	0.169086384642975	4.26590828296936e-05	0.685915392818897	0	0.00720938499821892	0.0557127621755917	0
144	0	0.0468374571510742	0.318891962025671	1.06788547996246e-05	0.573379750755855	1.06788547996246e-05	0.00921585169206335	0.051653620665737	0
146	0	0.0524172333834273	0.21344920984431	9.74298018278485e-06	0.670560611079564	0	0.00190962411582999	0.0616535785966854	0
147	0	0.058383194757362	0.273732742766822	2.59020384903832e-05	0.629419535317591	0	0.00471417100525693	0.0337244541144781	0
148	0	0.0212544761465045	0.000346540371954073	0	0.0271456624697057	0	0.9510222940972	0.000231026914636048	0
149	0	0.015557463653179	0.396470342827246	5.82131474393795e-05	0.539252640208475	4.85109561994495e-06	0.0194140846710259	0.0292424043970142	0
150	0	0.0206753423976389	0.489633899316772	0.000497515973816061	0.455610914079116	0	0.0143142453038412	0.0192680829288154	0
151	0	0.0482892585825468	0.362923358015036	7.69304740840044e-06	0.559122992595636	0	0.00768920088469838	0.0219674968746745	0
152	0	0.0996168207472697	0.319115125991006	9.78496559606599e-06	0.549378850384092	1.9569931192092e-06	0.00354802852512375	0.0283294323937933	0
153	0	0.0506853549791537	0.195127781017949	0.000213526080457359	0.699963987392319	3.18695642475208e-06	0.0230990601664868	0.0309071034072089	0
154	2.53721459507419e-06	0.0606825614703062	0.195342688889346	3.04465751409303e-05	0.637338157424089	0	0.0146574887157986	0.0919461197107245	0
155	0	0.0127314364303927	0.383120548051781	0	0.549702879088686	3.24367807143815e-06	0.0264067831795849	0.028035109571484	0
156	0	0.0103836360142415	0.407564219596286	0.000244226642324359	0.541244274686392	2.40222926876566e-05	0.0173120655969199	0.0232275551711487	0
157	0	0	1	0	0	0	0	0	0
158	0	0.023204708728325	0.413245402809055	1.10762332831721e-05	0.529373063044107	4.43049331327884e-06	0.0102809597334264	0.0238803589584906	0
159	0	0.0231112626212644	0.378505568000921	0.000178565630985662	0.558701016201007	0	0.00394467712087198	0.0355589104249498	0
160	0	0.0405139969005261	0.30075319010627	0	0.60824693707414	0	0.020136883705351	0.0303489922137135	0
161	0	0.0187904362820064	0.508368498877172	4.91253236131166e-06	0.440295537947149	0	0.0138631663236047	0.0186774480377063	0
162	0	0.0603877315634131	0.303450347030077	0.000155872639698543	0.607630987523016	0	0.00974909399166234	0.0186259672521327	0
163	0	0.0900352070889406	0.19491969619096	4.94481585505446e-06	0.673192175322898	1.48344475651734e-05	0.0152300328336273	0.0266031093001536	0
164	0	0.0539401788551061	0.40308707998592	0	0.494291601598013	3.41717952835356e-06	0.00735035316550522	0.0413273692159276	0
165	0	0.0174568226840142	0.405805773241124	0	0.515519434875492	0	0.0351111601671364	0.0261068090322329	0
166	0	0.0274852007134903	0.410011248594143	5.68110804332155e-06	0.528644146754147	0.000113622160866431	0.0103708627331128	0.0233692379361982	0
167	0	0.0238702722127016	0.382144461413528	4.49195939268662e-06	0.55172940436671	0	0.0197331776121259	0.022518192435542	0
168	0	0.0156505477436217	0.417542102681657	0.000255477436233641	0.524750654022134	0	0.0197024198822525	0.0220987982341009	0
169	2.96299807998041e-06	0.0264210538791892	0.353968639628148	1.4814990399852e-05	0.538705643918841	5.92599615995081e-06	0.0267380946737776	0.0541428639154045	0
170	0	0.0403617870648172	0.232684681361099	1.31750569821056e-05	0.619543879527264	6.58752849106281e-06	0.0366793586383157	0.0707105308230302	0
171	0	0.0898345810909646	0.289556566117905	3.97164247274538e-06	0.575197092757841	3.1773139781983e-05	0.0112278332704652	0.034148181980569	0
172	0	0.0888916027410491	0.326753819195082	0	0.54570963610085	0	0.00706043402073318	0.0315845079422865	0
173	0	0.0649390994676468	0.253346214317076	3.78852455911025e-06	0.633952757098601	0	0.00732321797274864	0.0404349226193678	0
174	0	0.00374224861598529	0.712762730353333	8.75038647540214e-06	0.238392612340894	1.16671819672429e-05	0.0389625541795434	0.00611943694180178	0
175	0	0.0120407547519649	0.445605403021568	0	0.48886206976617	0	0.0161904982941341	0.0373012741661633	0
176	0	0.13058314945	0.0586184550518001	8.20297439852001e-06	0.765222669740001	0	0.014388017095	0.0311795056888	0
177	0	0.0402065256731386	0.361519219251215	3.20294158155177e-06	0.540602088958339	0	0.0118028397279845	0.0458661234477414	0
178	0	0.0881908777868441	0.196863692074098	0	0.613433086261307	0	0.0168634002568084	0.0846489436209423	0
179	0	0.141099691231037	0.19276445058605	0	0.620495325287161	0	0.00444799516334116	0.0411925377324107	0
180	0	0.0535191496930898	0.340310260120935	0	0.541628408942897	0	0.00574947480758891	0.0587927064354888	0
181	0	0.0502597184985584	0.259194872653785	8.37801608579306e-06	0.575821045576523	0	0.0139745308310884	0.100737265415917	4.18900804289653e-06
182	0	0.0475453557670465	0.220967370188671	0	0.630398017247239	0	0.00947674366396415	0.0916125131330798	0
183	0	0.0721103195705712	0.144897907992274	0	0.670684292379338	1.25420157527907e-05	0.00374379170220132	0.108551146339863	0
184	0	0.0625537968088937	0.160153666336984	0	0.737208817693926	0	0.010274624215099	0.029809094945097	0
185	0	0.0409574126756313	0.278603666231915	4.27798335864301e-06	0.583696605420068	0	0.00516352591388988	0.091574511775137	0
186	0	0.0761225144974695	0.290652925710021	0	0.525542817898744	4.06376865777565e-06	0.00831040690515235	0.0993672712199546	0
187	0	0.0636245007710073	0.269102508337099	5.27238456773814e-05	0.605849710677903	1.31809614193703e-05	0.0291694676209439	0.0321879077859506	0
189	0	0.0882938102123462	0.237735589173527	3.82605235569641e-06	0.606651209415609	0	0.0104145145122381	0.056901050633924	0
190	0	0.0857322474874479	0.284278517837232	0	0.53191795343747	0	0.0105557701315349	0.0875155111063154	0
191	0	0.144627460825043	0.146230195128044	0	0.620094039952186	0	0.00262133953830079	0.0864269645564259	0
192	0	0.177411818920674	0.0324626698497858	1.28007373224906e-05	0.669068938370715	6.40036866123531e-06	0.00777004755473951	0.113267324198102	0
193	0	0.158837354822132	0.206477114906171	0	0.616188208720511	0	0.0019306197823716	0.0165667017688137	0
194	0	0.166328893165035	0.108398231950833	0.000114261659199615	0.650227019876089	0	0.00728869110263922	0.067642902246204	0
195	0	0.107867585359135	0.174476735253219	1.18185148854148e-05	0.62196707361778	0	0.00639972581046803	0.089277061444512	0
196	0	0.0783456778764157	0.215786237960043	0	0.656676717955131	0	0.00253024796430051	0.0466611182441093	0
197	0	0.217839471405044	0.00138083904141028	0	0.688863048626138	0	0.00883615860269177	0.0830804823247166	0
198	0	0.129857526205864	0.135797344620495	0	0.663774707832315	0	0.00603920514005056	0.0645312162012756	0
199	0	0.238784162002084	0.0906733618703317	0	0.631852979914221	0	0.00561820875865197	0.0330712874547116	0
200	0	0.20055259522406	0.192500493388058	0	0.570317742254171	0	0.0155121373594047	0.0211170317743063	0
201	0	0.15442546170598	0.163659588056979	0	0.622864441960919	0	0.0046303688328294	0.0544201394432929	0
202	0	0.0474473443223962	0.0398542429791968	0	0.867406898656931	0	0.0024610805860798	0.0428304334553966	0
203	0	0.0671795390897383	0.247342848466141	0	0.647973816513369	0	0.00337416067753192	0.0341296352532195	0
204	0	0.02656885248357	0.674692830460238	0.00117016967459868	0.277405223757687	0	0.0154672427501825	0.00469568087372469	0
205	0	0.0587925451982018	0.622039071093019	0	0.296704828890009	0	0.0132302591829004	0.00923329563587028	0
206	0	0.0190652112134918	0.73837782718477	0.00129553166948116	0.223090553484158	2.50748065060515e-05	0.0137075608900161	0.00443824075157681	0
207	0	0.0851445626500209	0.258656363869064	0	0.630893743248155	1.83106586344045e-05	0.00155640598392038	0.0237306135902058	0
209	0	0.0541870766635082	0.264771368973374	2.34373168959496e-05	0.630041952797447	0	0.00532027093539435	0.0456558933133809	0
210	0	0.0526496808275947	0.388248404137961	0	0.518366167730948	0	0.00412722870349959	0.0366085185999963	0
211	0	0.0936872848309198	0.195271582176041	1.63161415588034e-05	0.668243893684141	0	0.00411166767283087	0.0386692554945082	0
212	0	0.0506465791011036	0.318106755418023	0.000368384949569026	0.606450547496043	0	0.00406493737456029	0.0203627956607014	0
213	0	0.0588689939456059	0.266182532526027	0	0.645884323071065	0	0.010095968053601	0.0189681824037019	0
214	0	0.0931838492159404	0.306783654236804	0	0.583897960841626	0	0.00112113087983928	0.0150134048257904	0
215	0	0.0676041980399339	0.353219192363177	0.000254847902138128	0.55743344994628	0	0.00639436554456321	0.0150939462039076	0
216	0	0	0.027027027027027	0	0.432432432432432	0.027027027027027	0.486486486486487	0.027027027027027	0
217	0	0.126733217327962	0.089861708947673	0	0.737686601336779	0	0.0225295356717932	0.023188936715793	0
218	0	0.180379058567866	0.127854590647905	0	0.641121640515523	0	0.000869970483143353	0.049774739785563	0
219	0	0.14042970116894	0.146434320105937	0	0.688571628525704	0	0.00375113723842839	0.0208132129609911	0
220	0	0.0858426440869794	0.143961788332965	0	0.723967466639826	0	0.00639644604773847	0.0398316548924904	0
221	0	0.113198215149934	0.140089242514057	3.2256330304795e-05	0.717542067630401	0	0.00419332293962834	0.0249448954356748	0
222	0	0.171863576857007	0.0903310267440036	0	0.679735450635027	0	0.00101161228896004	0.0570583334750023	0
223	0	0.06471830583943	0.286820023973765	0	0.597511273474668	1.14161767224047e-05	0.00840230606769866	0.0425366744677157	0
224	0	0.144476066207461	0.0560253156753599	0	0.740123907079581	0	0.00199319846708318	0.0573815125705149	0
225	0	0.111732427853705	0.10858091101128	0	0.731828228387182	2.78895295733902e-05	0.00979619726263044	0.0380343459556293	0
226	0	0.140429451987958	0.193365738209942	0	0.639062605321808	0	0.0119608445239964	0.0151813599562954	0
227	0	0.174486166824965	0.272962243082945	0	0.518609652206896	0	0.0214734709068957	0.0124684669782975	0
228	0	0.134761237935015	0.407516705356045	0	0.432008496001048	0	0.0170953826490019	0.00861817805889095	0
232	0	0.0970690566218867	0.131429238064103	0	0.714632757118576	0	0.0241831994015836	0.032685748793851	0
233	0	0.0558461513751575	0.198842494685828	0	0.634657700730357	0	0.0602416734034554	0.0504119798052017	0
234	0	0.0576847096008671	0.185790740274877	0	0.552508889767481	0	0.169383283646201	0.0346323767105737	0
235	0	0.02848837209299	0.00810533515732716	0	0.869357045143696	0	0.00646374829001774	0.0875854993159693	0
236	0	0.0356269426781214	0.0119913536029072	0	0.837075371968502	0	0.0205430820935123	0.0947632496569569	0
237	0	0.0207879525924886	0.225906042570876	0	0.688197862888622	0	0.00528274702844709	0.0598253949195671	0
238	0	0.0578616054524809	0.27361794774691	0	0.625828284740794	0	0.00468572510412845	0.0380064369556875	0
239	0	0.0494919423594604	0.27442100996578	0	0.570436216752544	0	0.0111115770052911	0.0945392539169244	0
240	0	0.0709159333509865	0.269351837602949	0	0.582604681094889	0	0.00485457267168908	0.0722729752794863	0
241	0	0.0163206320150082	0.482990510140242	0	0.465051303049233	0	0.0127270099716064	0.0229105448239115	0
242	0	0.0567221455674889	0.25333088996195	1.07795791651979e-05	0.567383149361889	2.15591583304958e-05	0.0501250431182902	0.0724064332528858	0
243	0	0.0809817505913538	0.369635011828789	0	0.495564379857718	0	0.00747718823926574	0.0463416694828736	0
244	0	0.138747099768093	0.288805104408194	0	0.550058004640369	0	0.00336426914153225	0.0190255220418127	0
245	0	0.0783619101600919	0.394643616267455	0	0.498228709083312	0	0.00736857021396983	0.0213971942751705	0
246	0	0.0262086004273123	0.502737713675664	0	0.413027510683419	0	0.0200320512820865	0.0379941239315183	0
247	0	0.0702382591930007	0.206720837350002	0	0.653284671533007	0	0.00447596749759005	0.0652802644264007	0
248	0	0.0301590653153084	0.446755349099125	0	0.495706644144139	0	0.00647522522522181	0.0209037162162059	0
249	0	0.0439434027378132	0.335557344990101	0	0.527320832854158	0	0.0587829287933176	0.0343954906246103	0
250	0	0.0231769361221501	0.503733896640786	0	0.430424563387173	0	0.00627770670316727	0.0363868971467236	0
251	0	0.0816379146070282	0.0217237784578075	7.84656600643271e-05	0.714340159846247	0	0.00950555424779329	0.17271412718106	0
252	0	0.0860556038228888	0.07665073848829	0.00273675065160964	0.730053576599905	0	0.00723284100781906	0.0972704894294874	0
253	0	0.0260744811672056	0.272594088266151	7.5908242116963e-05	0.650252774446162	0	0.0057310722798331	0.0452716755985314	0
254	0	0.0824460194495436	0.0591286193066313	2.19768144608116e-05	0.772265260150409	0	0.00665897478161352	0.0794791494973421	0
255	0	0.071031759896602	0.393190314804011	0.000244575661228007	0.482311938786014	8.73484504385025e-06	0.0143950246323004	0.0388176513748011	0
256	0	0.0495487545154654	0.202619224116297	0.000423594196760081	0.67179686304992	0	0.00817772129856587	0.0674338428229911	0
257	0	0.108237230636098	0.0461694418516418	0.000301105055554273	0.753726175062683	0	0.00489797557034444	0.0866680718236785	0
259	0	0.0305546355702642	0.547718992860359	0.000169448445310802	0.357990649526581	7.70220205956098e-06	0.024801090631771	0.0387574807636546	0
260	0	0.0307960488087754	0.532248692620574	0	0.349215572341721	0	0.0267286461359786	0.0610110400929512	0
261	0	0.00787462363930962	0.591523199258972	0	0.322473558248984	0	0.0386010962710981	0.0389099050412981	0.00061761754033797
262	0	0.0149660688318195	0.639663111972835	0	0.29859428017439	3.02956858943396e-05	0.0184500727097241	0.0282961706253369	0
263	0	0.0589383294302413	0.487900078064341	0	0.405542544886284	0	0.0113192818111079	0.0362997658080254	0
264	0	0.0158677982308952	0.550083672005835	0	0.39926488166388	0	0.0135070523547959	0.0212765957445936	0
265	0	0.079933733692332	0.415821080969166	0	0.453510043487181	0	0.0223648788569089	0.0283702629944113	0
266	0	0.0292882963422561	0.590935592957114	0	0.280775061219579	0	0.0422513312862366	0.0567497181948149	0
267	0	0.0121590476018045	0.613668947244227	0	0.319238516959118	0	0.0467306680217173	0.00820282017313303	0
268	0	0.0141747259253979	0.426838677264938	0	0.48177919724393	1.79426910447974e-05	0.0256401055029963	0.0515493513716925	0
269	0	0.0131147540984066	0.448680188941224	0	0.444012225618222	0	0.0476243400945238	0.0465684912476233	0
271	0	0.0323639385127074	0.121811383465028	0	0.696343996676159	6.23182384711143e-05	0.0552139592854126	0.0942044038222216	0
272	0	0.0634532482919424	0.00204199964705815	7.56296165577313e-05	0.753674338871316	0	0.00342854261728689	0.177326240955839	0
273	0	0.145860776167942	0.0236092815887906	0	0.787668456783685	0	0.0168710102340933	0.0259904752254896	0
274	0	0.0703183207871941	0.269300927471977	0.000333992754925972	0.590011047452951	5.13835007578957e-05	0.0144901472136988	0.0554941808184953	0
275	0	0.0394719152483	0.358204942056	0	0.535532790191	0	0.043827807803	0.0229625447017	0
276	0	0.0677571160963051	0.263261296660548	0	0.632430209713134	4.56892219124616e-05	0.0142321926257781	0.0222734956823225	0
277	0	0.0501235682971985	0.303679607383991	0	0.579176391762982	7.07316987308978e-05	0.031292580553799	0.0356571203032989	0
279	0	0.0364942021307501	0.443169109424163	0	0.472393901936111	0.000706339396079422	0.0361557478368599	0.0110806992760364	0
280	0	0.116484059642084	0.18130464971213	0.000611959092888439	0.582985183529419	1.17684440940085e-05	0.0373530415543268	0.0812493380250583	0
281	0	0.0517011220550342	0.332515544010146	1.20263135740802e-05	0.505995117316823	0	0.0852184579860825	0.0245577323183405	0
282	0	0.176706971404106	0.0735890351979441	0	0.714793154174429	0	0.0129525313049078	0.0219583079186132	0
283	0	0.189171725082972	0.19951047581797	3.91619345995941e-05	0.580086156255913	0	0.0263755629527961	0.00481691795574928	0
284	0	0.19512964295194	0.179174345378944	0	0.584817336973819	0	0.00715475357490778	0.0337239211203895	0
285	0	0.177087106121	0.268256519377	0	0.526994295545	0	0.0100733429917	0.0175887359653	0
286	0	0.14812693063703	0.0936478517271187	0	0.711609098568142	0	0.0158944116821032	0.0307217073856061	0
287	0	0.0725039467098073	0.267115243926027	0	0.587154903546059	0	0.010097801393901	0.0631281044242063	0
288	0	0.133507268739936	0.262791358726874	0.000274100544139868	0.571428571428726	0	0.00787785267603622	0.0241208478842884	0
289	0	0.0305241961864163	0.292360591147156	0	0.631259859119336	7.26939656739387e-06	0.0120163125259064	0.033831771624618	0
290	0	0.0825670137430458	0.261538238744118	0	0.577853243161006	0	0.0142571647864849	0.0637843395653458	0
291	0	0.0633886906397456	0.288155366456207	0	0.597172659895429	6.86247598133493e-06	0.0118034586879085	0.0394729618447284	0
292	0	0.0576252789564161	0.260939539541044	0	0.57158363080853	0	0.0121968906583785	0.0976546600356313	0
293	0	0.161802210257916	0.00935109096061514	0	0.67313686596765	0	0.00680079342589646	0.148909039387923	0
295	0	0.0344951491196621	0.370104204096593	0	0.496825967181453	0	0.0140136543298846	0.084561025272407	0
296	0	0.109948940121025	0.164691319820038	0	0.647439269689149	0	0.00454897106607105	0.0733714993037169	0
297	0	0.0556678627382111	0.323848991762065	0	0.573482589579115	0	0.0168292313135034	0.030171324607106	0
298	0	0.050058513052035	0.460915669556323	0	0.450932626400316	0	0.0149029160994104	0.0231902748919162	0
299	0	0.137247092560082	0.112952047156068	0	0.715230205512429	0	0.0098375019914059	0.0247331527800148	0
300	0	0.0927391524408536	0.183660792343908	0	0.688860258592656	0	0.0121704320617939	0.0225693645607887	0
301	0	0.0810261620523049	0.310753746508019	0	0.579676784353035	0	0.00892176784354054	0.0196215392431012	0
302	0	0.06771083345914	0.247088996475146	0	0.642889471013379	0	0.00506082591581299	0.037249873136522	0
303	0	0.08096987618917	0.229371088908099	0	0.65424824887586	0	0.00860253595591062	0.0268082500709611	0
304	0	0.171753069863072	0.0337202967185142	0	0.708637525669298	8.38187837894353e-06	0.0129583839739055	0.0729223418968307	0
305	0	0.0417281115951326	0.244628472339191	0	0.658114813551513	0	0.00764719162652597	0.0478814108876374	0
306	0	0.0722274803880759	0.0912979377877683	4.5503358147778e-06	0.715394696128642	4.5503358147778e-06	0.00431826868823109	0.116752516335653	0
307	0	0.0499869633233971	0.043034069181264	0	0.778489483747266	4.34555883885822e-06	0.0122848948375066	0.116200243351728	0
308	0	0	1	0	0	0	0	0	0
309	0	0.0228431280897924	0.356741032394958	0	0.564589302113341	5.49906790798942e-06	0.0159362987973427	0.0398847395366573	0
310	0	0.0259785037911903	0.161356348716199	3.13447198252433e-06	0.738102327972321	0	0.0091871373807805	0.0653317995317537	4.07481357728563e-05
311	0	0.058001846180194	0.0122569247039987	6.11317940347937e-06	0.790495228662918	0	0.0188102530244981	0.120429634248988	0
312	0	0.0162522367669968	0.477119236516905	0	0.45231116555591	0	0.019754099937796	0.0345632612223931	0
313	0	0.0717705007302555	0.212767010717748	4.95037251553673e-06	0.671171505655528	0	0.0095542189549888	0.0347318135689642	0
314	0	0.0214768605034792	0.290535341321719	1.030559525119e-05	0.646050895899374	3.43519841705667e-06	0.0139125535890865	0.0280106078926729	0
315	0	0.0160983510605945	0.447469069772848	2.52285708518914e-06	0.467172583606841	7.56857125557742e-06	0.0333345106665886	0.0359153934647878	0
316	0	0.0495621610324869	0.14134057931121	1.1000979087146e-05	0.689082078305445	0	0.00522821531115947	0.114775965060611	0
317	0	0.0295220627626703	0.391104304145606	0	0.493227699308504	0	0.011905887395088	0.0742337436420253	6.30274610647366e-06
318	0	0.0189259110575379	0.333382398858409	0	0.53417190775658	1.33815067576952e-05	0.0339667246531713	0.0795396761675442	0
322	0	0.0551987652679788	0.0201164208955923	1.15611614342956e-05	0.788002982779697	0	0.00679796292334739	0.12987230697195	0
323	0	0.0718295321823271	0.0748218634846141	9.05395250297603e-06	0.764339197276381	1.3580928754424e-05	0.0189091798024404	0.0700775923729801	0
324	0	0.0846207102520902	0.178567549956944	3.39378801043364e-06	0.599329387489295	6.78757602085729e-06	0.0200742560817532	0.117397914855886	0
325	0	0.0067349206483834	0.330867820820167	0	0.622348231023314	5.08936069148257e-05	0.0262398954985133	0.013758238402707	0
326	0	0.0129355801734947	0.250736786432816	3.18610349101609e-06	0.662177446847314	1.91166209461365e-05	0.0206523228287085	0.0534755609932302	0
327	0	0.0272061189237712	0.359425164347951	4.56363648809428e-06	0.558000397036464	2.28181824405214e-06	0.00803428203728782	0.0473271921997943	0
328	0	0.0742123579708822	0.079344227031381	0	0.758133781987818	0	0.00371061789853911	0.0845990151113797	0
329	0	0.0297454503571003	0.228094045151002	0	0.655350149735006	0	0.00752274821469007	0.0792876065422008	0
330	0	0.0488429301305985	0.187468693996994	0	0.719910061331978	0	0.00545420140472984	0.0383241131356988	0
331	0	0.0534074186837568	0.0941163038515001	1.26858476683135e-05	0.662734053889705	0	0.0238113360735253	0.165905515806176	1.26858476683135e-05
332	0	0	0.5	0	0.5	0	0	0	0
333	0	0.0346264872647544	0.124892351997011	0	0.685936520402664	6.8894721975335e-06	0.0175750435759043	0.136962707287469	0
334	0	0.0633109503835981	0.295431921883939	0	0.580155702473604	0	0.00684722629795118	0.0542541989609078	0
335	0	0.035395943676563	0.0983553056519973	0.000156378544863837	0.746292808626221	0	0.00333834197947651	0.116461221520878	0
336	0	0.0270834383664868	0.208812704814898	1.00831862868951e-05	0.63625913788769	0	0.0111318376606946	0.116702798083943	0
337	0	0.0415618010833056	0.00499582334079288	0	0.767098703888743	5.38923769232479e-05	0.0147557328015185	0.171534046508716	0
338	0	0.0304973402341322	0.0933895166620435	0	0.780420458932213	0	0.0020807024660887	0.0936119817055228	0
339	0	0.0269802624527094	0.0705794682551247	0	0.750950638267263	5.10409808035178e-06	0.00951403882177333	0.14197048810505	0
340	0	0.00685018753096191	0.299620220319083	0.000202863680324056	0.619989149152173	2.35888000377066e-05	0.0190125728305053	0.0543014176869151	0
341	0	0.0236955470665255	0.136732889332147	4.35579909312469e-06	0.73340767230479	0	0.00511370813533551	0.101045827362109	0
342	0	0.0195318984119935	0.0828228375398528	0	0.818229244887749	0	0.00389689434120824	0.0755191248191968	0
343	0	0.0199553916020762	0.198545254793271	4.73549871905011e-06	0.705101552770418	4.73549871905011e-06	0.0110858025012507	0.0653025273355452	0
344	0	0.0124226817464261	0.222184839151855	2.07044695774102e-05	0.672362121173249	0	0.013887522968977	0.0791221304899151	0
345	0	0.0198192553319964	0.285591035064299	0	0.611808651644793	9.63971562840181e-06	0.0224749969876546	0.0602964212556285	0
346	0	0.00742368352504545	0.407865659477219	4.20129231750841e-06	0.50470124610301	9.66297233028034e-05	0.0162968128996694	0.0636117669794359	0
347	0	0.00857078985396032	0.211870563907761	0	0.686637232437225	3.99198409592549e-05	0.0206545257123767	0.0722269682477184	0
348	0	0.0317232449473714	0.106844283060097	0	0.736319878398707	0	0.0250520745369241	0.1000605190569	0
349	0	0.0805740225779113	0.0488849192464068	0	0.794373031804111	0	0.0035496583856605	0.0726183679859102	0
350	0	0.0414355794872647	0.0652130038507646	2.69097152144827e-06	0.731850069831403	2.69097152144827e-06	0.00465538073211331	0.156840584155411	0
351	0	0.0649841257083035	0.0253318865625014	3.34900668462018e-05	0.806534581843043	0	0.00633632064730034	0.0967795951720052	0
352	0	0.0523481723112028	0.0854840257124046	0	0.764007483450041	2.39854168665013e-05	0.00496498129138027	0.093171351818105	0
353	0	0.0149610050647251	0.373300121179663	1.03572205363069e-05	0.519725326511109	0	0.0106265082702505	0.0813766817537157	0
354	0	0.0200143838598256	0.225911766375499	9.46306565474337e-06	0.667363779170292	0	0.00932111966992482	0.0773794878588039	0
355	0	0.00600075171402998	0.398865300620708	0	0.559644620708526	0	0.013190637272055	0.022298689684681	0
356	0	0.027319579429602	0.094954427601007	0	0.808762943993059	3.97664911639029e-06	0.00145943022571011	0.067499642101505	0
357	0	0.0353337265309653	0.114174776368884	9.8299420033362e-06	0.74380222156691	0	0.0103361840164885	0.0963432615747484	0
358	0	0.0855720867190839	0.178138658675776	5.28472217904262e-05	0.671442604808183	0	0.00256464458688289	0.062229157988284	0
359	0	0.0919815997577197	0.282669473335753	2.1790907525881e-06	0.564417191282508	0	0.00669634588271416	0.0542332106505527	0
360	0	0.126385852214451	0.0214770814387456	5.80461660507206e-05	0.732639359170277	0	0.00702358609213789	0.112416074918338	0
361	0	0.164498295620551	0.0212671723123534	8.69984735722009e-05	0.609258219378166	0	0.0294371198759622	0.175452194339396	0
364	0	0.173896850996033	0.0514015894656099	0.000152961127922029	0.688511289196133	1.33009676454026e-05	0.00525388221994101	0.0807701260267156	0
