Timepoint	Acidobacteriales	Actinomycetales	Bifidobacteriales	Coriobacteriales	Bacteroidales	Flavobacteriales	Sphingobacteriales	mle1-12	YS2	Stramenopiles	Streptophyta	Bacillales	Lactobacillales	Turicibacterales	Clostridiales	Fusobacteriales	Caulobacterales	Rhizobiales	Rhodobacterales	Rhodospirillales	Sphingomonadales	Burkholderiales	Neisseriales	Rhodocyclales	Desulfovibrionales	MIZ46	Myxococcales	Campylobacterales	Aeromonadales	Enterobacteriales	Pasteurellales	Pseudomonadales	Xanthomonadales	Erysipelotrichales	RF39	Verrucomicrobiales
0	0	0	2.50727108614983e-05	0.00245712566442944	0.466435997727173	0	0	0	0	0	3.34302811486978e-05	0	0.00091097516130054	8.35757028716945e-06	0.486301942298819	0	0	8.35757028716945e-06	8.35757028716945e-06	0	0	0	1.67151405742989e-05	0	1.67151405742989e-05	0	0	8.35757028716945e-06	0	4.17878514358972e-05	8.35757028716945e-06	6.68605622972956e-05	0	0.011675525691214	0.0287082539364521	0.00326780998228418
1	0	4.86376591666685e-06	0	0.00203791791908691	0.520875283314637	4.86376591666685e-06	0	0	0	0	1.94550636666674e-05	0	0.000554469314501021	3.40463614166679e-05	0.462330132975108	0	0	0	0	0	0	0	4.86376591666685e-06	0	1.45912977500005e-05	0	0	4.86376591666685e-06	0	1.45912977500005e-05	0	4.86376591666685e-05	0	0.0052528671900002	0.00828299335608314	0.000515559187166686
2	0	3.76860749952843e-05	0	0.00117245566651951	0.642786257144732	0	3.76860749952843e-05	0	0	0	4.60607583275808e-05	0	0.000267989866632888	8.37468333228651e-06	0.344500973556856	0	0	0	4.18734166613825e-06	0	0	0.000305675941627873	4.18734166613825e-06	0	4.18734166613825e-06	0	0	0	0	8.37468333227651e-06	0	2.09367083306913e-05	0	0.00350480497455854	0.00705567070745706	0.000234491133303902
3	0	2.41202151523048e-05	6.03005378808119e-06	0.00119395065004024	0.544929930775107	0	0	0	0	0	3.0150268940406e-05	0	0.000331652958345065	0	0.434833208712086	0	0	0	0	0	0	0	0	0	0	0	0	6.03005378808119e-06	0	6.03005378808119e-06	6.03005378808119e-06	5.42704840928107e-05	0	0.00735063556767145	0.010220941170802	0.0010070189826102
4	0	5.68120193574566e-05	0	0.000325377929047324	0.626982610357625	0	0	0	0	0	3.09883741949309e-05	0	8.78003935523875e-05	5.16472903249515e-06	0.360301826764359	0	0	0	0	0	0	0.000366695761307366	0	0	5.16472903249515e-06	3.09883741949309e-05	0	0	0	4.64825612924464e-05	0	0	0	0.00118272294844118	0.0102829755037103	0.000294389554852294
5	0	3.40309681810463e-05	0	0.0014916907719363	0.507753388916872	2.26873121207642e-05	0	0	0	0	4.53746242414284e-05	0	0.000436730758323661	1.13436560603821e-05	0.45108048324017	0	0	0	0	0	0	0.000374340649991709	0	0	1.70154840905232e-05	0.00010776473257328	0	1.13436560603821e-05	0	5.67182803018105e-05	1.70154840905232e-05	4.53746242414284e-05	0.000266575917418429	0.00622766717713807	0.0307413079234925	0.00125914582269611
6	0	0	1.12228407254013e-05	0.00134112946669016	0.692022804812082	5.61142036272067e-06	0	0	0	0	1.6834261088102e-05	0	8.97827258037107e-05	0	0.289863530257035	0	0	5.61142036272067e-06	0	0	0	0.000959552882025114	0	0	5.61142036272067e-06	0	0	0	0	8.417130544081e-05	5.61142036272067e-06	0.000291793858861035	0.00050502783264506	0.00211550547675025	0.0120140509966014	0.000662147602801079
7	0	0	4.82488094606171e-06	0.00111454749854039	0.613522211339217	0	0	0	0	0	1.44746428382051e-05	0	0.000284667975818101	3.85990475685137e-05	0.371062294038131	0	0	0	0	0	0	9.64976189212341e-06	0	0	0	0	0	4.82488094606171e-06	0	0	0.000144746428382051	9.64976189212341e-06	0	0.00214707202100076	0.011241972604304	0.000400465118523142
8	0	8.84324464540685e-06	5.89549643027123e-06	0.00083421274488398	0.510101933133222	1.17909928605425e-05	0	0	0	0	2.94774821513562e-06	0	0.00086074247882	8.84324464541685e-06	0.474033285972907	2.94774821513562e-06	0	0	0	0	2.94774821513562e-06	5.89549643027123e-06	2.94774821513562e-06	0	1.76864892908137e-05	0	0	1.17909928605425e-05	0	2.35819857210849e-05	7.95892018086617e-05	5.60072160875767e-05	0	0.00560072160875767	0.00688888757878034	0.00143850112898778
9	0	5.0619839940005e-06	7.59297599101074e-06	0.000989617870828097	0.632773309171062	0	0	0	0	0	1.26549599850012e-05	0	0.000210072335751021	0	0.345212122439034	0	0	0	0	0	0	7.59297599100074e-06	2.53099199700025e-06	0	2.53099199700025e-06	0	0	2.53099199700025e-06	0	1.77169439790017e-05	0	2.53099199700025e-05	0	0.00185521713380018	0.0183876568582018	0.000488481455422048
10	0	2.57948023472964e-05	8.59826744910545e-06	0.00382192988113184	0.42116463532594	1.28974011736482e-05	0	0	0	0	1.28974011736482e-05	1.28974011736482e-05	0.000795339739042804	0	0.547279723135841	4.29913372455273e-06	2.57948023472964e-05	0	4.29913372455273e-06	4.29913372455273e-06	0	0.000666365727305323	4.29913372455273e-06	0	4.29913372455273e-06	0	0	0	0	3.00939360718791e-05	0	0.003284538165554	0	0.00950538466498461	0.011061671073286	0.00226994260655528
11	0	2.20399639646207e-05	0	0.00533918127043657	0.456684583320225	0	0	0	0	0	0	5.50999099115518e-06	0.000550999099115518	4.40799279292414e-05	0.518148532827625	0	0	0	0	0	0	0	2.75499549557759e-06	0	2.75499549557759e-06	0	0	2.75499549557759e-06	0	5.50999099116518e-06	8.26498648674277e-06	8.26498648674277e-06	0	0.0108078473291821	0.00808315678403425	0.000283764536044692
12	0	4.60509239489915e-05	8.3728952634639e-06	0.00448368541358636	0.498212386860732	0	0	0	0	0	0	0	0.000770306364238439	4.18644763173195e-05	0.471532156104768	0	0	0	0	0	0	0	4.18644763173195e-06	0	0	0	0	0	0	8.3728952634639e-06	4.18644763173195e-06	8.3728952634639e-06	0	0.00959115152429014	0.0134259375549388	0.00186296919612552
13	0	9.00206147206829e-06	3.00068715735943e-06	0.00383787887426253	0.447987589157857	1.20027486294577e-05	0	0	0	0	3.00068715735943e-06	6.00137431471886e-06	0.000468107196547551	1.20027486294577e-05	0.525699385159248	0	0	3.90089330456126e-05	0	0	0	8.10185532485646e-05	6.00137431470886e-06	0	6.00137431470886e-06	0	0	6.00137431471886e-06	0	6.00137431471886e-06	8.4019240406004e-05	4.2009620202952e-05	0	0.00810185532485646	0.0121227761157553	0.00146733601995038
14	0	6.45063490374052e-06	9.67595235561078e-06	0.00181585372541015	0.682896464084055	6.45063490374052e-06	0	0	0	0	0	0	0.000151589920238012	1.93519047112016e-05	0.295690653353024	0	0	0	0	0	0	6.45063490374052e-06	0	0	6.45063490374052e-06	0	0	3.22531745187026e-06	0	9.67595235561078e-06	6.45063490374052e-06	9.67595235561078e-06	0	0.00213193483568017	0.0167232709879013	0.000506374839943041
15	0	4.50460595960204e-05	0	0.00713980044596323	0.488952453884221	0	0	0	0	0	0	0	0.000608121804546275	0.000135138178788061	0.476767494763216	0	0	0	0	0	0	0.000157661208586071	0	0	0	0	0	2.25230297980102e-05	0	4.50460595960204e-05	6.75690893939306e-05	6.75690893939306e-05	0	0.00439199081060199	0.0125453275975057	0.00905425797879409
16	0	1.07909787417954e-05	1.07909787417954e-05	0.00405740800690826	0.53648429912577	0	0	0	0	0	0	0	0.000118700766159949	1.07909787417954e-05	0.453922520772805	0	0	0	0	0	0	0	0	0	0	0	1.07909787417954e-05	1.07909787417954e-05	0	0	0	0	0	0.00273011762165883	0.002330851408219	0.00030214740476987
17	0	0.000127654142376991	0	0.00908471979915935	0.340804646610975	0	0	0	0	0	0	0	0.000797838389855943	9.57406067826931e-05	0.623856431640955	0	0	1.06378451980992e-05	0	0	0	0	0	0	0	0	0	0	0	0	1.06378451980992e-05	0	0	0.013658993234399	0.00882941151438936	0.0027232883707098
18	0	9.59278622476368e-06	9.59278622476368e-06	0.00482517147105886	0.407770156841797	0	7.67422897981895e-05	0	0	0	0	0	0.000383711448989947	1.91855724495474e-05	0.576113962300599	0	0	8.63350760229631e-05	0	0	0	0.000105520648472411	0	0	0	0	0	0	0	0	4.79639311238684e-05	2.87783586743211e-05	0	0.00359729483428263	0.00602426974915307	0.000901721905128326
20	0	2.91002211615915e-05	0	0.0124112443254964	0.362501455010894	0	0	0	0	0	0	0	0.00142591083691958	1.45501105807957e-05	0.596459958095826	0	0	0	0	0	0	0	0	0	0	0	0	0	0	0	0	0	0	0.0124476196018964	0.0127531719240963	0.00195698987312943
21	0	0.000276066844985606	6.13481877744903e-06	0.00268091580575107	0.602107923732187	0	0	0	0	0	0	0	0.00031287575765022	2.45392751097761e-05	0.384205295575307	6.13481877744903e-06	0	0	0	0	0	3.06740938872451e-05	0	0	0	0	0	6.13481877744903e-06	0	1.22696375549381e-05	6.13481877744903e-06	0	0.000576672965080289	0.00339255478393027	0.00569924664425943	0.000656425609187286
22	0	1.98848007212096e-05	1.32565338140731e-05	0.00509050898462285	0.554454526774695	6.62826690705653e-06	0	0	0	0	0	0	0.000424209082050738	5.96544021635287e-05	0.417666982614239	0	0	0	0	0	0	0.000874931231731022	0	0	6.62826690705653e-06	0	0	0	0	1.98848007211096e-05	6.62826690705653e-06	0.000483863484215467	6.62826690705653e-06	0.00562077033718378	0.0136608580954249	0.00158415579078913
23	0	0.000279908190113644	0	0.0176062251581394	0.345938532161387	2.79908190113644e-05	0	0	0	0	2.79908190113644e-05	0	0.00341487991938805	0.000335889828135972	0.614370486480524	0	0	0	0	0	0	0	0	0	2.79908190113644e-05	0	0	0	0	0.00019593573307915	0.000391871466158301	5.59816380227287e-05	0	0.0129877400212523	0.00279908190113644	0.00153949504562904
24	0	3.46128552143767e-05	0	0.00394586549444354	0.494029282475133	0	0	0	0	0	3.46128552143767e-05	0	0.00179986847115039	3.46128552143767e-05	0.484164618739774	0	0	0.00152296562943417	0	0	0	0.0014883527742259	0	0	0	0	0	0	0	0	0	0.00051919282821615	0	0.0106953722612575	0.000796095669932364	0.000934547090789471
25	0.00375292659413983	0.00199697011430537	0	0.0022035532295877	0.474831290455628	0	0	0	0	0	0	0	0.00113620713400757	0	0.490084010467071	0	0	0.00223798374879639	0	0	0.00244456686406867	0.00998485057155702	0	0.000172152596061571	0	0	0	0	0	0	0	0.00241013634485998	0.000309874672910425	0.00533673047790064	0.000688610384245277	0.00241013634485998
26	0	0.00228310502283217	0	0	0.00228310502283217	0	0	0	0	0	0	0	0.0707762557078672	0	0.00456621004566434	0	0	0.0867579908675824	0	0	0.155251141552148	0.420091324201399	0	0	0	0	0	0	0	0.0821917808219781	0.00228310502283217	0.116438356164111	0.0570776255707542	0	0	0
27	0	2.5123734391859e-05	0	0.000301484812701907	0.676933899454867	0	0	0	0	0	0	0	0.000150742406350954	0	0.310202748536505	0	0	0.000251237343918589	0	0	0.000150742406350954	0.000552722156621497	0	0	0	0	0	0	0	0	0	0.000376856015877384	2.5123734391859e-05	0.000351732281486225	0.0061804386603951	0.00449714845614245
28	0	0	0	0	0.00136363636363505	0	0	0	0	0	0	0	0	0	0.000909090909090702	0	0.0899999999999735	0	0	0	0	0.700000000000461	0	0.000909090909090702	0	0	0	0	0	0	0	0.206818181817749	0	0	0	0
30	0	0	0	0.00116951358117978	0.508392495346906	0	0	0	0	0	0	0	0.000181192244971967	0	0.464708692285914	0	0	0.00334382052083938	0	0	0	0.00714885766524868	0	0	0	0	0	0	0	0.000214136289511961	1.6472022270197e-05	0.00609464823995888	0.00153189807112972	0.00309674018678943	0.00243785929598955	0.00166367424928969
31	0	0.00067272115708163	0	0.00076882417952072	0.648583281277607	0	0.000400429260167375	0	0	0	0	0	0.00012813736325412	0	0.3197507728283	0	0.00035237774894733	0	0	0	0	0.00161773421107152	0	0	1.6017170406715e-05	0	0	0	0	0.00025627472650724	1.6017170406715e-05	0.000688738327487645	0.000112120192847105	0.0014895968478214	0.0226162446143212	0.00253071292425237
32	0	3.38420927950058e-05	0	0.00717452367255323	0.331043351720884	0	0	0	0	0	0	0	0.000541473484720093	3.38420927950058e-05	0.614166300043883	0	0	0	0	0	0	0	0	0	0	0	0	0	0	0.000304578835155552	0	3.38420927950058e-05	0	0.0130630478189232	0.0245693593692152	0.00903583877628105
33	0	0.000274621537194092	0	0.00590436304967198	0.385911915141829	0	0	0	0	0	3.43276921493115e-05	0	0.00044625999794015	3.43276921493115e-05	0.573169475816142	0	0	3.43276921493115e-05	0	0	0	0.00102983076448035	0	0	0	0	0	0	0	0	0	0.000308949229343104	0	0.0100923414919034	0.0177130891491059	0.00504617074594169
34	0	0	0	0.00331924111666356	0.570874532685613	0	3.49393801754375e-05	0	0	0	0	0	0.000209636281052225	6.9878760350875e-05	0.40941965689544	0	0	0	0	0	0.000593969462981638	0.000174696900877188	0	0	0	0	0	0	0	0	0	0	0	0.00359875615807386	0.00856014814298919	0.00314454421578338
35	0	6.31333059755604e-05	0	0.00246219893304845	0.6374569904356	0	0	0	0	0	0	0	0.000726033018718544	0	0.348622115596781	0	0	0	0	0	0	0.000284099876889822	0	0	0	0	0	0	0	0	6.31333059755604e-05	3.15666529877802e-05	0	0.0027147321569483	0.00650273051548592	0.00107326620158933
36	0	0	0	0.00279745796210828	0.490406543619699	0	0	0	0	0	0	0	0.000851400249338478	0	0.487943564325701	0	0	0.000334478669382795	0	0	0	0.00021285006233487	0	0.00021285006233387	0	0	0	0	0	3.04071517620814e-05	0	0	0	0.00602061604889631	0.00754097363699538	0.00364885821144776
37	0	0	0	0.00119766715267994	0.716126848572961	0	0	0	0	0	0	0	0.000156217454696992	2.60362424494986e-05	0.261742345344986	0	0	0	0	0	0	0.000390543636741979	0	0	0	0	0	0	0	0.00018225369714599	0	2.60362424494986e-05	0	0.00122370339512993	0.0165850864402991	0.00234326182045987
38	0	0.00145403494698005	0	0.000401113088821015	0.730201308631027	0.000576600065181021	0	0	0	0	0.000777156609591028	0	0.000200556544411007	2.50695680513009e-05	0.237584296423009	0	0.00325904384667012	0.00185514803580007	0	0	2.50695680513009e-05	0.0113815838953004	0	0	0	0	0	0	0	0	0	0.000626739201284023	0	0.000426182656873016	0.00952643585951035	0.00167966105944006
39	0	0	0	0.000273496955859996	0.704861111110989	0	0	0	0	0	0	0	0.000130802891932998	0	0.285411910197995	0	0	0	0	0	0	0	0	0	0	0	0	0	0	0	0	3.56735159816994e-05	0	0.000915620243530986	0.00734874429223988	0.00102264079146998
40	0	0	0	0.00202022494864022	0.689736576286076	0	0	0	0	0	0	0	0.000215641988900024	1.13495783632013e-05	0.290390312000032	0	0	1.13495783632013e-05	0	0	0	0	0	0	0	0	0	1.13495783632013e-05	0	0	0	0	0	0.0018499812732002	0.0125980319831014	0.00315518278496035
41	0	1.03330336753974e-05	0	0.00395755189765899	0.46871674054788	0	0	0	0	0	0	0	0.000929973030781761	5.16651683767868e-05	0.511557498165869	0	0	0	0	0	0	0.00145695774821963	0	0	0	0	0	0	0	3.09991010260921e-05	2.06660673507947e-05	1.03330336753974e-05	0	0.00737778604420811	0.00483585976006876	0.00104363640120973
42	0	0	0	0.00781349037143024	0.324040888294459	0	0	0	0	0	0	0	0.000795178223641183	2.30486441635329e-05	0.633918384751313	0	0	0	0	0	0	0.00193608610973236	0	1.15243220817664e-05	0	0	0	1.15243220817664e-05	0	0.000195913475389929	0	2.30486441635329e-05	0	0.0165604508314663	0.00904659283417614	0.00562386917590162
43	0	0	1.10899170473986e-05	0.0047464844962966	0.316938739298417	0	0	0	0	0	0	1.10899170473986e-05	0.00115335137292945	3.32697511422958e-05	0.614836091025763	0	0	0	0	0	0	0.000121989087521885	0	0	0	0	0	0	0	6.65395022844916e-05	0	3.32697511421958e-05	0	0.0396464534446125	0.0118218515726019	0.0105797808631933
44	0	3.41087386589142e-05	0	0.00333128680901032	0.440355185665464	0	0	0	0	0	0	2.27391591059428e-05	0.000909566364236711	2.27391591059428e-05	0.520692634786112	0	0	0	0	0	0	0.000568478977647569	1.13695795529714e-05	0	0	0	0	0	1.13695795529714e-05	7.95870568706997e-05	0	0.000375196125247756	0	0.022102462650954	0.00638970370875972	0.00509357163972038
45	0	3.783245267787e-05	0	0.00394718589605687	0.49136789538061	0	0	0	0	0	0	0	0.000718816600879429	0	0.474456789033623	0	0	0	0	0	0	0	0	0	0	0	0	0	0	0.0002522163511858	0	0	0	0.0181217448327856	0.00456511595646638	0.00653240349571481
46	0	1.22400518978492e-05	0	0.00286417214409952	0.439185302145543	0	0	0	0	0	0	0	0.000807843425257248	0	0.518109156782876	0	0	0.000697682958176805	0	0	0	0.00194616825175082	0	1.22400518978492e-05	0	0	0	0	0	0.000758883217666051	0	0.000746643165769002	0	0.0195840830365787	0.00419833780095788	0.0110772469675295
47	0	0.00130870586835202	0	0.00217126200886062	0.532286368638323	0	0	0	0	0	0	0	0.000223074863923708	0	0.432348829600878	0	0	0.00120460426519822	0	0	0.00261741173671404	0.0170577912614236	0	1.48716575949139e-05	0	0	0	0	0	1.48716575949139e-05	0	0	0.00038666309746896	0.00727224056392668	0.00211177537847417	0.000981529401266515
48	0	1.77913782980646e-05	0	0.00176134645151269	0.583663956446741	0	0	0	0	0	0	0	0.000249079296172704	0	0.372889497749262	0	0	0	0	0	0	0	0	0	0	0	0	0	0	0.00323803085025515	0	0	0	0.00384293771239315	0.0227907555998624	0.0115466045155032
49	0	1.62116594254329e-05	0	0.000599831398741418	0.610352765709466	0	0	0	0	0	0	0	0.000453926463912722	0	0.381038843135628	0	0	0	0	0	0	0	0	0	0	0	0	0	0	4.86349782762988e-05	1.62116594254329e-05	0	0	0.00264250048634217	0.00447441800142269	0.000356656507359924
50	0	0.000561721250084978	0	0.00204262272757629	0.547065432015013	0	0	0	0	0	1.70218560631357e-05	0	0.000408524545516257	0	0.423844215973029	0	0.000680874242526429	0.00323415265200079	0	0	0	0.00764281337235744	0	0	0	0	0	1.70218560631357e-05	0	0	0	0.0030979778035017	0	0.00592360590998523	0.00350650234901896	0.00195751344726311
51	0	0	2.63515026944158e-05	0.00571827608469344	0.462047248244278	0	0	0	0	0	0	2.63515026944158e-05	0.00063243606466638	0	0.501851193064301	0	0	0.000118581762125071	0	0	0	0.000289866529639174	0	0	0	0	0	0	0	0.000540205805236325	0	2.63515026944158e-05	0	0.018380173129411	0.00563922157661339	0.00470374323095283
52	0	2.21141088013903e-05	0	0.00885670057496323	0.412759840778363	0.000254312251216189	0	0	0	0	0	0	0.000950906678461185	0	0.534708093763865	0	0	0	0	1.10570544006952e-05	0	0.000674480318442805	0	0	1.10570544006952e-05	0	0	1.10570544006952e-05	0	0.000574966828836949	0	0.000199026979212713	0.000696594427244996	0.0183436532508209	0.0128372401591875	0.00908889871738223
53	0	0	0	0.00168878417964732	0.51789381508891	0	0	0	0	0	1.04245937014328e-05	0	0.000688023184296165	1.04245937014328e-05	0.469148414940161	0	0	0	0	0	0	1.04245937014328e-05	0	0	0	0	0	0	0	2.08491874029656e-05	1.04245937014328e-05	3.12737811043984e-05	0	0.00824585361785695	0.00166793499223525	0.000573352653580804
54	0	0	0	0.00338673197941766	0.39071636998573	0	0	0	0	0	0	0	0.00117187957764919	0	0.56484595642961	0	0	0.00112500439454922	0	0	0	0.00139453669740904	1.17187957764919e-05	0	0	0	0	0	0	0.00024609471130683	0	1.17187957764919e-05	0	0.033293098801177	0.00127734873963912	0.00251954109195826
56	0	1.0022751646244e-05	0	0.00160364026339704	0.507953053431289	0	0	0	0	0	1.0022751646244e-05	0	0.00101229791626894	2.0045503292488e-05	0.477313501648748	0	7.01592615237079e-05	0	0	0	0	0.000400910065849759	0	1.0022751646244e-05	0	0	0	0	0	4.00910065849759e-05	0	0.000120273019755528	4.00910065849759e-05	0.00569292293506098	0.00333757629819315	0.00236536938851238
57	0	0	0	0.000157360539221986	0.717957460200938	0	0	0	0	0	0	0	7.86802696109932e-05	0	0.278082299561976	0	0	0	0	0	0	0	0	0	2.62267565369977e-05	0	0	0	0	0	0	0	0	0.000839256209184928	0.00251776862754978	0.000340947834980971
58	0	0.000502008032129121	0	0.000627510040161151	0.578940763052778	4.18340026773767e-05	0	0	0	0	0	0	0.000502008032129121	0	0.408760040160069	0	0.00154785809906404	0	0	0	0.00012550200803203	0.000292838018741737	4.18340026773767e-05	0	0	0	0	0	0	0	0	0.00104585006693192	0.000167336010709707	0.00209170013387384	0.0035977242302502	0.00171519410977475
59	0	0.000100707469977013	0	0.00458218988393059	0.378055842292048	0	0	0	0	0	0	0	0.00148543518215019	0	0.589037991893075	0	0	0	0	0	0	0.000503537349883065	0	0.000226591807447029	0	0	0	0	0	0.000151061204965019	0	0	0	0.0125884337471016	0.00606762506609078	0.00720058410333092
60	0	0	0	0.000656439182124763	0.600252850647784	0	0	0	0	0	2.43125623008912e-05	0	0.000364688434513868	0	0.38776105613786	0	0	0	0	0	0	0.00150737886265946	0	2.43125623008912e-05	0	0	0	0	0	7.29376869027737e-05	0	0.000437626121416842	0	0.00189637985946932	0.00500838783398819	0.00199363010867928
61	0	0.000643441492784409	0	0.00153966357202098	0.489314275209311	0	0	0	0	0	0	0	0.00101112234580064	4.59601066274292e-05	0.488464013236311	0	0	0	0	0	0	0.000275760639765175	0	0	2.29800533137146e-05	0	0	0	2.29800533137146e-05	0.00101112234580064	0	0.00105708245243067	0	0.00482581119588307	0.0065952753010442	0.00517051199559329
62	0	4.80676792924049e-05	0	0.0058882907133306	0.425687367814043	0	0	0	0	0	0	0.000312439915401032	0.000672947510094068	0	0.539319361661055	0	0	0	0	0	0	0.00374927898481038	0	0.000456642953279046	0	0	0	0	0	0.0019707748509902	0	0.00156219957700016	0.000240338396462024	0.00975773889637099	0.00826764083830084	0.00206691020957021
63	0	2.15053763440933e-05	0	0.00569892473117823	0.403849462365874	0	0	0	0	0	2.15053763440933e-05	0	0.000516129032258839	0.00012903225806496	0.564258064515824	0	0	0	0	0	0	0.00126881720429961	0	0	0	0	0	2.15053763440933e-05	0	0.000774193548387759	0	0.000645161290322799	0.000494623655913846	0.0117419354838963	0.00389247311827879	0.00666666666666792
64	0	2.27686703096806e-05	0	0.00284608378870757	0.527846083788549	0	0	0	0	0	0	0	0.000318761384334728	9.10746812385222e-05	0.44480874316962	0	0	0	0	0	0	4.55373406192611e-05	0	0	0	0	0	0	2.27686703096806e-05	0.000523679417121553	0	2.27686703096806e-05	0	0.00623861566483467	0.0116347905281901	0.00557832422585524
65	0	6.01956358164298e-05	0	0.00761474793078377	0.489541008276242	0.000150489089541074	0	0	0	0	0	0	0.000511662904440253	0	0.487012791573241	0	0	0	0	0	0	0.000842738901429417	0	0	0	0	0	0	0	0.000180586907449089	0	0	0	0.00559819413093277	0.00349134687735173	0.00499623777277247
66	0	0.000173530772789865	0	0.00566867191114559	0.545869967607575	0	0	0	0	0	0	0	0.000404905136510685	0	0.41173068024068	0	0	0.000896575659416302	0	0	0	0.00199560388708845	0	0	0	0	0	0	0	0.0014171679777889	0	0	0.00011568718185991	0.0032103192966175	0.0232531235538819	0.0052637667746459
67	0	2.57267815795893e-05	0	0.0067146899922872	0.45595574993581	0	0	0	0	0	0	0	0.00128633907897946	0	0.518549009518784	0	0	0.000463082068432807	0	0	0.00118343195266951	0.00324157447902865	0	0.000180087471057925	0	0	0	0	0	7.71803447388679e-05	0	0.000180087471056925	0	0.0043220993053682	0.00496526884486793	0.00285567275533881
68	0	2.27754116655501e-05	0	0.00405402327646392	0.358302776323178	0	0	0	0	0	0	0	0.000455508233311002	0	0.61924066777458	0	0	0	0	0	0	0.00232309198989011	0	0	0	0	0	0	0	0	0	2.27754116655501e-05	0.000888241054956454	0.00952012207620594	0.00291525269318641	0.00225476575489746
69	0	2.17169413860018e-05	0	0.00484287792907039	0.393402393207032	0	0	0	0	0	0	0	0.000586357417422047	0	0.585727626121047	0	0	0	0	0	0	0.000825243772667067	0	0	2.17169413860018e-05	0	0	0	0	0	0	0	0.000173735531088014	0.00729689230569059	0.00453884074967037	0.00256259908354021
70	0	1.40187570970088e-05	0	0.00193458847938122	0.558745601614351	0	0	0	0	0	0	0	0.000154206328067097	1.40187570970088e-05	0.42848331067027	0	0	0	0	0	0	0.000616825312268388	0	1.40187570970088e-05	0	0	0	0	0	1.40187570970088e-05	0	2.80375141940176e-05	0	0.00264954509134167	0.00660283459269415	0.000728975369044458
71	0	0	0	0.00500095681571059	0.528468456975062	0	0	0	0	0	0	0	0.000191363143458022	0.000140332971870016	0.458110607897054	0	0	0	0	0	0	0.000803725202526094	0	0	0	0	0	0	0	3.82726286917045e-05	0	0	1.27575428972015e-05	0.00353383938253041	0.00149263251898017	0.00220705492122026
72	0	0.000241529225035572	0	0.00514974811952687	0.470990614864373	0	0	0	0	0	0	0	0.000327789662549419	8.6260437512847e-05	0.502070250500342	8.6260437512847e-06	0	0	0	0	0	0.00169933061900299	0	0	0	0	0	0	0	0.000250155268787556	0	0.00086260437512847	0.000284659443792495	0.00421813539438452	0.00440790835691018	0.00940238768890333
73	0	0	0	0.00362357293388083	0.474475794836108	0	0	0	0	0	0	0	0.000545810149037124	0	0.511424109647116	0	0	0	0	0	0	1.51613930288035e-05	0	0	0	0	0	0	0	1.51613930288035e-05	0	3.03227860576069e-05	0	0.00489712994830112	0.00184968994951042	0.00312324696393071
75	0	0	0	0.000699391691877266	0.606535246088231	0	0	0	0	0	0	0	0.000731921538011278	0	0.383347971764146	0	0	0	0	0	0	0.000650596922677247	0	0	0	0	0	0	0	0	0	0.00034156338440513	0	0.00117107446082044	0.00330177938258125	0.00322045476725122
76	0	1.60596132845191e-05	0	0.0014293055823217	0.546556818911649	0	0	0	0	0	0	0	0.000144536519560171	0	0.433866512494515	0	0	0	0	0	0.000289073039121343	0.000706622984519838	0	0	0	0	0	0	0	1.60596132845191e-05	0	1.60596132845191e-05	0	0.0024410612192429	0.00894520459948061	0.00557268580973661
77	0	0	0	0.000647361606719034	0.580714939842937	0	0	0	0	0	0	0	0.000189471689771522	0	0.408232544920379	0	0	0	0	0	0	0	0	0	0	0	0	0	0	3.1578614961987e-05	0	1.57893074809935e-05	0	0.00119998736855031	0.00786307512553017	0.00110525152367055
78	0	0	0	0.00078851550360614	0.755061573784004	0	0	0	0	0	0	0	4.63832649179965e-05	0	0.237180825158458	0	0	0	0	0	0	0.00157703100721028	0	0	0	0	0	0	0	0	0	0	0	0.000800111319836539	0.0039889607829513	0.000556599179016158
89	0	1.12398700670877e-05	0	0.00188829817126793	0.592655868898351	0	0	0	0	0	2.24797401341754e-05	1.12398700670877e-05	0.000224797401341754	0	0.333779181512634	0	0	0	0	0	0	0.000561993503354385	0	0	0	0	0	0	0	0.000685632074092249	0	1.12398700670877e-05	7.86790904696138e-05	0.00245029167462732	0.034652519416762	0.0329665389067639
92	0	0	0	0.00222417627890254	0.663476956498759	0	0	0	0	0	0	0	0.000186210107071213	0	0.315843376610361	0	0	0	0	0	0	0	0	0	0	0	0	1.03450059484118e-05	1.03450059484118e-05	0	0	1.03450059484118e-05	0	0.00197589613614226	0.00483111777790553	0.0114312315730131
93	0	5.80705640311189e-05	0	0.00253021743278047	0.568817766274821	0	0	0	0	0	8.29579486158841e-06	8.29579486158841e-06	0.000282057025293806	2.48873845847652e-05	0.409679533443959	0	0	0	0	0	0	0.00101208697310819	0	0	0	0	0	0	0	0.000265465435571229	0	0	0.000589001435171977	0.00320217681657033	0.00764042706752213	0.00588171855686298
94	0	0	0	0.00757730144320613	0.515738184782615	0	0	0	0	0	0	0	0.000815162013449207	0	0.443948348370373	0	0	0	0	0	0.000555792281897459	0.00109305815439744	0	0	0	0	0	0	0	7.41056375863279e-05	0	0.0011301109731904	0	0.00500213053708013	0.0107082646312166	0.0133575411749885
95	0	5.18645298479712e-05	0	0.00272288781701348	0.683185519422977	0	0	0	0	0	0	0	0.00111508739172637	0	0.264171982781287	0	0	0.000129661324619928	0	0	0	0.0179451273274181	0	0	0	0	0	0	0	0	5.18645298479712e-05	0.00788340853690164	0	0.0023598361080877	0.0137181681448034	0.00666459208546931
96	0	0	0	0.0054298823859436	0.487367007954323	0	0	0	0	0	0	0	0.000440802260113292	0	0.477408884169317	0	0	0.000100182331844066	0	0	0	0.0031657616862721	0	0	0	0	0	0	0	0.00140255264582093	0	0.00208379250235138	0	0.00420765793745279	0.00843535234126559	0.0099581237852966
97	0	0.000726784815788156	0	0.00808781051415173	0.369094873372079	0	0	0	0	0	0	0	0.000521794226720112	0	0.587950280464126	0	0	0.0032612139170007	0	0	0	0.00354074653845076	0	0	0	0	0	0	0	1.8635508097104e-05	0	0.00115540150202025	0.000316803637651068	0.00454706397570097	0.0143866122509031	0.00639197927731137
98	0	0.000129743756081932	0	0.000929830251918511	0.657519731862654	0	0	0	0	0	2.16239593469886e-05	0.000237863552816875	0.000129743756081932	4.32479186938773e-05	0.330543842577826	0	0	0	0	0	0	0	0	0	0	0	0	0	0	0.000843334414531557	0	0.000281111471510852	0	0.000908206292571523	0.00557898151151707	0.00283273867444851
99	0	0.000269593073044003	0	0.00158584160614002	0.548003425418007	0	0	0	0	0	1.58584160614002e-05	0	0.00134796536522002	3.17168321228004e-05	0.428240667322005	0	0	0.000856354467316011	0	0	0	0.00080877921913201	0	0	0	0	0	0	0	0.00158584160614002	4.75752481842006e-05	0.000190300992737002	0	0.00843667734466011	0.00388531193505005	0.00469409115418006
100	0	0	0	0	0.000326264274062027	0	0	0	0	0	0	0.0531810766721044	0	0	0.0918433931485076	0	0.0500815660685042	0.155464926591013	0	0	0	0.448939641109037	0	0.000815660685155068	0	0	0	0	0	0.0768352365416064	0	0.12251223491001	0	0	0	0
101	0	8.43650475607918e-05	0	0.000442916499693957	0.71490941302993	0	0	0	0	0	0	0	4.21825237803959e-05	4.21825237803959e-05	0.281652711281973	0	0	0	0	0	0	0.00149747959419985	0	0	0	0	0	0	0	2.10912618901979e-05	0	0	0	0.000569464071034945	8.43650475607918e-05	0.000653829118595936
102	0	0	0	0.000287120590648061	0.818949958983175	0	0	0	0	0	0	0	4.10172272354088e-05	4.10172272354088e-05	0.175512715340037	0	0	0	0	0	0	0	0	0	0	0	0	0	0	0.000287120590648061	8.20344544709175e-05	0	0	0.00098441345364921	0.0018867924528304	0.00192780968007041
103	0	0	0	0.00151679306609142	0.769577464788719	0	0	0	0	0	0	0	4.33369447454405e-05	4.33369447454405e-05	0.221581798483207	0	0	0	0	0	0	0	0	0	0	0	0	0	0	4.33369447454405e-05	0	0	0	0.000953412784399891	0.00221018418202207	0.00403033586132377
104	0	3.65878199148167e-05	0	0.0039514845507978	0.629877613742178	0	5.4881729872125e-05	0	0	0	0	0	0.000420759929019192	0	0.336278652836655	0	0	0.00184768490569184	0	0	0	0.00294531950313234	0	0	0	0	0	0	1.82939099574083e-05	1.82939099574083e-05	0	0	0	0.00239650220442209	0.00541499734737847	0.0167389276110226
105	0	0.00229075270675998	0	4.32217491841997e-05	0.915501480344994	2.16108745920999e-05	0	0	0	0	0	0.00395479005034997	0	2.16108745920999e-05	0.0659563892549995	0	0.00363062693146998	0.00283102457155998	0	0	0	0.00149115034684999	0	0	0	0	0	0	0	0	0	0	0	8.64434983683994e-05	0.00170725909277999	0.00246363970349998
106	0	0	0	0.00011638564383095	0.736473805955684	0	0	0	0	0	0	0	2.90964109576875e-05	0	0.249719947044893	0	0	0.00183307389032921	0	0	0	0.00612479450659737	0	0	0	0	0	0	0	0	0	0.00203674876703913	0	0.00011638564383095	0.00110566361638952	0.00244409852044895
108	0	0.00219152712401183	0	0.000509298556987426	0.752666100779629	0	0	0.00597268307740499	0	0	0	0.00520101859711435	6.17331584227516e-05	0	0.154147696581129	0	0.0104792036423088	0.0103711706150087	0	0	1.54332896057129e-05	0.0463616019755388	0	1.54332896057129e-05	0	0	0	0	0	1.54332896057129e-05	0	0.00865807546879724	0	0.000154332896057129	0.00118836329964099	0.00199089435913166
109	0	1.05372967618975e-05	0	0.00429921707884897	0.556179597685867	0	0	0	0	0	0	0	0.000347730793141917	0	0.4192263516719	0	0	0	0	0	0	0.000969431302093768	0	1.05372967618975e-05	0	0	0	0	0	2.1074593523795e-05	0	0.00141199776608966	3.16118902856924e-05	0.00241304095846942	0.00599572185750856	0.00908314980874783
110	0	0	0	0.00188368259948227	0.548112393061661	0	0	0	0	0	3.92433874892473e-05	0	0.000274703712425331	0	0.43112785495652	0	0	0	0	0	0	0	0	0	0	0	0	0	0	0	0	0	0	0.00227611647438274	0.00922219605997112	0.00706380974806852
111	0	0	0	0	0.0138787436084969	0	0	0	0	0	0	0.0262965668370942	0	0	0.0116873630386974	0	0	0	0	0	0	0.628926223520862	0	0	0	0	0	0	0	0.130752373994971	0	0.187728268809959	0	0	0	0.000730460189919839
112	0	0	0	0	0.00126582278481043	0	0	0	0	0	0	0.143037974683499	0	0	0	0	0	0	0	0	0	0.398734177215886	0	0	0	0	0	0	0	0	0	0.345569620252567	0.111392405063238	0	0	0
113	0	0.0285230160971696	0	0.0002824060999717	0.00536571589946429	0	0.170573284382819	0	0	0	0.0115786500987877	0	0	0	0.00367127929963609	0	0	0	0	0	0	0.57328438294239	0	0.00593052809940369	0	0	0	0	0.0643885907935315	0.136119740186855	0	0	0	0	0.0002824060999717	0
114	0	0	0	0.00419111483654931	0.339340597931944	0	0	0	0	0	0	0	0.000279407655769954	0	0.465353450684923	0	0	0.0164850516903973	0	0	0	0.0839620005588862	0	0	0	0	0	0	0	0.00698519139423885	0	0.012154233025998	0.0567197541212906	0.00321318804134947	0.000419111483654931	0.0108968985749982
115	0	0	0	0.000379971291058219	0.803343747361462	0	0	0	0	0	0	0	0	8.44380646796486e-05	0.193869796504112	0	0	0	0	0	0	0	0	0	0	0	0	0	0	0	0	4.22190323398243e-05	0	0.000253314194039146	0.000422190323398243	0.00160432322891092
116	0	0	0	0.00230209067417878	0.561428235846684	0	0	0	0	0	0	0	0.000117453605825775	0.00014094432699113	0.395231383603573	0	0	0.00192623913554511	0	0	0	0.0220108057317887	0	0.00180878552971333	0	0	0	0	0	4.698144233031e-05	0	0.0058491895701304	0.00460418134836758	0.00129198966407952	0.000728212356119004	0.00251350716467399
118	0	0	0	9.95941538232703e-05	0.771767547244545	0	0	0	0	0	2.48985384558176e-05	0	7.46956153674527e-05	0	0.217837312950154	0	0	0	0	0	0	0.00622463461395439	1.24492692279088e-05	0	0	0	0	0	0	0.00136941961507097	1.24492692279088e-05	2.48985384558176e-05	0	0.000186739038418132	0.000485521499888343	0.00187983965341133
119	0	0	0	0.000131082743461021	0.659618448384106	0	0	0	0	0	3.02498638756049e-05	0	4.03331518341065e-05	1.00832879585016e-05	0.335723072579054	0	0	0	0	0	0	0	0	0	0	0	0	0	0	0	0	0	0	0.000201665759170032	0.0012704942827802	0.00297456994776048
120	0	8.68432479375165e-06	0	0.00114633087277022	0.782145028224148	0	0	0	0	0	0	0	0.000121580547112023	0	0.21203647416404	0	0	0	0	0	0	0	0	0	0	0	0	0	0	0.000347372991750066	8.68432479375165e-06	0	0	0.000564481111594107	0.000642640034737122	0.00297872340426056
121	0	6.94579501570228e-06	0	0.00119467674270039	0.711193843247234	0	0	0	0	0	6.94579501570228e-06	0	7.64037451727251e-05	0	0.271698663629089	0	0	0.0021323590698207	0	0	0	0.00323674047732106	0	0	0	0	0	0	0	0.000458422471036151	6.94579501570228e-06	0	6.94579501570228e-06	0.00129191787292042	0.00100019448226033	0.00768899508238253
122	0	1.92502662953889e-05	0	0.00583283068748663	0.41592767033276	0	0	0	0	0	6.4167554317763e-06	0	0.000449172880224741	6.4167554317763e-06	0.562069275291676	0	0	0	0	0	0	6.4167554317763e-06	0	0	0	0	0	0	0	4.49172880224741e-05	0	6.4167554317763e-06	0	0.00646167271979627	0.000673759320336611	0.0084957841916751
123	0	2.29436732820936e-05	0	0.00391572024013891	0.432442354020879	0	0	0	0	0	0	0	0.000703605980650803	7.64789109402786e-06	0.529792359756852	0	0	7.64789109402786e-06	0	0	0	0.000313563534854912	0	0	0	0	0	7.64789109402786e-06	0	3.82394554700893e-05	0	0.000244732515008932	0	0.007166073955098	0.00231731100148935	0.0230201521929936
125	0	2.5013131894324e-05	0	0.00513602974895426	0.398492541917915	0	0	0	0	0	2.5013131894224e-05	0	0.000992187565139119	1.66754212628827e-05	0.5735928028881	0	0	0	0	0	0	0.00281814619341237	0	8.33771063142133e-06	0	0	0	0	0	8.33771063142133e-06	0	0.00223450644922348	0	0.00712874258985934	0.00122564346281568	0.00829602207826713
127	0	8.00794388032741e-06	0	0.00168166821486946	0.544668310964824	3.20317755212896e-05	0	0	0	0	0.000240238316409922	0.000384381306254876	0.000144142989845953	0	0.418751401389865	0	0.00121720746980961	0	0	0	0.00110509625547964	0.0128607578717958	0	8.00794388032741e-06	0	0	0	0	0	8.00794388032741e-06	0	0.00605400557352804	0	0.00101700887279967	0.00518113969056833	0.00663858547678785
128	0	5.8779272077499e-06	5.8779272077499e-06	0.00207490830432997	0.551449496848991	0	0	0	0	0	0	0	0.000246872942724996	0	0.431093059343993	0	0	4.11454904541993e-05	0	0	0	0.000458478322204993	0	5.8779272077499e-06	0	0	0	0	0	9.99247625316984e-05	0	0.000111680616946998	0	0.00119321922316998	0.00479638860152992	0.00841719176149986
129	0	0	0	0.00341203351104266	0.441980198019344	0	0	0	0	0	0	0	0.000258948971820202	0	0.546488956588426	0	0	0	0	0	0	0	0	0	0	0	0	0	0	3.04645849200237e-05	0	6.09291698400475e-05	0	0.00332063975628259	0.000578827113481451	0.00386900228484301
130	0	2.79853356840315e-05	0	0.0039039543279324	0.38755492122146	0	0	0	0	0	0	0	0.000545714045840614	0	0.591805893711514	0	0	0	0	0	0	0	0	0	0	0	0	0	0	4.19780035261473e-05	0	2.79853356840315e-05	0	0.0081717180197572	0.00181904681946205	0.00610080317913887
131	0	2.36149813442207e-05	0	0.00497095357295535	0.37128654418357	0	0	0	0	0	0	0	0.000519529589572454	1.18074906721103e-05	0.600387285694093	0	2.36149813442207e-05	0	9.44599253766826e-05	0	0	0.000177112360081155	0	0	0	0	0	0	0	0.000236149813442207	0	3.5422472016331e-05	0	0.00964671987909544	0.00311717753742673	0.00946960751901028
136	0	8.11001818960825e-05	0	0.00399708039344914	0.411027307589911	0	0	0	0	0	0	0	0.00055611553300188	1.15857402708975e-05	0.569288519689877	0	0	0	0	0	0	0.00174944678089962	0	0	0	0	0	0	0	2.3171480541695e-05	0	6.9514441625185e-05	0	0.00234031953471949	0.00317449283421931	0.00768134579958834
137	0	6.25273557182825e-05	8.93247938831321e-06	0.00610981590160252	0.379541049208652	0	0	0	0	0	8.93247938831321e-06	0	0.00107189752659799	1.78649587766664e-05	0.57442095202399	0	0	0.00312636778590912	8.93247938831321e-06	0	0	0.00327821993550334	0	0	0	0	0	0	0	0.000133987190825248	8.93247938831321e-06	0	0	0.0101383641057284	0.00571678680851926	0.0163464372806243
138	0	0.000784797940689519	0	4.18558901701677e-05	0.697078458865948	0	0	0	0	0	0	0.00276248875123167	0.00140217232069797	0	0.282454010840852	0	0	0.00161145177154931	0	0	0	0.00289852039428804	0	0	0	0	0	0	0	0	1.04639725425669e-05	0.00172655546951854	0	0.00064876629763715	0.00241717765732396	0.00616327982755092
139	0	0	0	0.00198276633172917	0.542115149527774	0	0	0	0	0	0	0	0.00101374519215958	8.94481051909628e-05	0.435671904349819	0	0	0	0	0	0	0.00074540087659069	0	0	0	0	0	0	0	0.000626136736336739	1.49080175317938e-05	4.47240525954814e-05	0	0.00223620262976907	0.00675333194191719	0.00870628223858637
140	0	5.14952946175511e-05	0	0.0118439177619447	0.293639043731882	0	0.000102990589235302	0	0	0	0	0.000489205298865935	0.00507228651982438	7.72429419262265e-05	0.642545412413524	0	0	0	0.000141612060197665	0	0	0.00118439177620447	9.01167655806143e-05	0	0	0	0	1.28738236543878e-05	0	0.000141612060198666	0	0.00039908853328542	0	0.0152941025013839	0.00438997386614463	0.0245246340615307
141	0	3.17052678301929e-05	0	0.008925032894208	0.304640065946932	0	0	0	0	0	0	1.58526339150965e-05	0.00432776905882903	0	0.613798132559863	0	4.75579017453894e-05	0	0	0	0	0.000348757946132922	0	0	0	0	0	0	0	0.00109383174013976	0	0	0	0.0114614543205974	0.00694345365481845	0.0483663860749892
142	0	0	0	0.00761035007610936	0.433328720999976	0	0	0	0	0	0	0	0.000384361114955776	1.5374444598231e-05	0.538120935381175	0	0	0.000138370001384079	0	0	1.5374444598231e-05	0.00101471334347925	1.5374444598231e-05	0	0	0	0	0	0	1.5374444598231e-05	0	1.5374444598231e-05	0.000645726673123703	0.00478145227003084	0.00481220115923931	0.00908629675753553
143	0	0.000548436954677891	0	0.00673081717105867	0.535174751956894	0	2.49289524853951e-05	0	0	0	0	0	0.000423792192250916	2.49289524853951e-05	0.431894101809914	0	0	0	0	0	0	0.00209403200876958	0	0	0	0	0	0	0	0.000872513336989827	2.49289524853951e-05	0.000398863239765921	0.000772797527046847	0.00306626115569939	0.00276711372587945	0.015181732063597
144	0	1.45696136137801e-05	0	0.00222915088291696	0.629028498164143	0.000393379567573464	0.000626493385394146	0	0	0	0	0	0.000349670726731523	8.74176816829809e-05	0.343857450900531	0	0	0	0	0.00387551722127472	0	0.00268080890494635	0.000349670726732524	0	0	0	0	0	0	0.000524506090097285	0.000189404976979742	1.45696136137801e-05	0	0.0016900751791977	0.00501194708315317	0.00907686928141763
147	0	0.00044504544598682	0	0.00178018178394728	0.582239263278479	0	0.000171171325379238	0	0	0	0	0	0.00022252272299291	0	0.403587750980076	0	0	0	0	0	0.000547748241215163	0.00213964156724298	0	0	0	0	0	0	0	0	1.71171325379238e-05	0	0	0.0030126153266854	0.00159189332603382	0.00424504886942351
148	0	0.000171164489073979	0	0.00231072060249971	0.440406230386945	0	0	0	0	0	0	0	0.00205397386888975	0	0.524305357448935	0	0	0.000627603126603922	0	0	0	0.00136931591258983	0	0	0	0	0	0	0	0	0	0.00088434986021589	0	0.0097278484623688	0.00148342557197982	0.0166600102698979
149	0	6.32079288025471e-05	0	0.00356492718445702	0.308416767799742	0	0	0	0	0	0	0	0.00259152508089783	2.52831715209788e-05	0.666236852750442	0	0	0	0	0	0	0.00042981391585764	1.26415857604894e-05	0	0	0	0	0	0	0	8.84911003235259e-05	3.79247572814683e-05	0	0.0114027103559905	0.00275586569578769	0.00437398867313634
150	0	0.00029767441860387	0	0.00483720930232789	0.384334883720833	0.00266046511627884	0	0	0	0	0.000446511627906806	0	0.0027534883720988	0	0.563851162790754	0.000595348837208741	0	0.00139534883720939	0	0	0.00256744186046888	0.0120186046511948	0.002306976744189	0	0	0	0	0	0	0	0.00223255813953903	0.00161860465115929	3.72093023255838e-05	0.00483720930232789	0.00465116279068797	0.00855813953488627
151	0	2.74122807017913e-05	0	0.0018914473684194	0.335526315789894	0.000370065789473883	0	0	0	0	0	0.000671600877192788	0.000890899122806718	0.000246710526315922	0.638253837718798	0	0	0	0	0	0	0.000945723684209701	0.000191885964911939	0	0	0	0	0	0	0.000191885964912939	4.1118421052687e-05	0.000575657894736818	0	0.012664473684296	0.00434484649122862	0.003166118421049
153	0	0.000202179040772639	0	0.000123553858250224	0.40443670672784	1.12321689318022e-05	0	0	0	0	0	8.98573514545173e-05	0.00796360777266033	0	0.412198135460073	5.61608446591108e-05	0	0.000235875547568245	0	0	0	0.00217904077277122	0.000123553858250224	0	0	0.000303268561159458	0.000101089520386819	7.86251825227151e-05	0	0.0662810288667159	0.0865775581265422	0.00190946871841437	0.000550376277659906	0.0157699651802758	0.000213411209704841	0.000595304953386714
155	0	0.000783918472479499	0.00113388207626812	0.000307967971330982	0.071840528585103	0.00177781510722717	0.000265972338877348	0	0	0	0.000377960692087704	0.000153983985665991	0.165266812251294	0.0234615599977568	0.251819810739913	4.19956324542338e-05	4.19956324543339e-05	0.000517946133603151	0.000265972338877348	5.59941766056785e-05	1.39985441514446e-05	0.00261772775631985	0.00183380928383535	0.000237975250574259	2.79970883027892e-05	0	0	0.00191780054874261	0.000349963603785616	0.216431491125104	0.223808723892379	0.0280110868470338	5.59941766056785e-05	0.00564141329302148	0.000265972338877348	0.000671930119268142
156	0	4.1985934712008e-05	1.0496483678002e-05	0	0.493229768027613	3.1489451033906e-05	1.0496483678002e-05	0	0	0	0	0.000283405059304754	0.00449249501416766	0.00083971869423716	0.262695497008539	4.1985934711908e-05	0	0	0	0	0	0.00318043455442491	6.2978902067912e-05	0	0	0	0	1.0496483678002e-05	0	0.174189146635903	0.0444421118925439	0.00822924320353197	3.1489451033906e-05	0.00815576781778526	0	2.0992967355904e-05
157	0	1.43065609888962e-05	2.86131219777924e-05	1.43065609888962e-05	0.70064951786894	0	0	0	0	0	0	1.43065609888962e-05	0.000271824658788228	0.000228904975822139	0.203868494091421	0.000615182122520937	2.86131219776924e-05	0	0.0011159117571323	0	0	0.00220321039229122	0.000357664024721405	0	0	0	0	0	0	0.0779564508282876	0.00613751466421267	0.00609459498125258	0	0.000400583707687494	0	0
158	0	2.87971433234188e-05	1.91980955489792e-05	5.75942866468377e-05	0.627480153969545	0	0	0	0	0	0	9.59904777446962e-06	0.000556744770919698	0.000278372385459349	0.257033702256262	0.00645056010444422	0	0	0	0	0	0	0.0010654943029632	0	0	0	0	4.79952388722981e-05	0	0.100885992109224	0.00166063526498525	0.00274532766350013	0	0.00167023431275609	0	9.59904777446962e-06
159	0	0.000572658804084837	1.44976912426376e-05	0.000108732684320032	0.437663552079359	8.69861474559259e-05	0	0	0	0	0	7.24884562132882e-06	0.00758954136552726	0.000202967677396727	0.248787630570076	0.000130479221184039	7.24884562132882e-06	1.44976912426376e-05	0	7.24884562132882e-06	0	7.24884562132882e-05	0.000101483838698364	0	0	0	0	0.000101483838698364	1.44976912426376e-05	0.293346284603934	0.000442179582901798	0.00229788406195902	0	0.0084159097663575	0	1.44976912426376e-05
160	0	6.3722171332897e-05	0	0.00058146481341271	0.455207296188427	0	0	0	0	0	0	7.96527141661712e-06	0.00270819228165262	0.000908040941494232	0.457310127842916	5.57568999163599e-05	0	7.96527141661712e-06	0	0	0	0.00172049862598802	0	7.96527141661712e-06	0	0	0	1.59305428332742e-05	0	0.0653630172446747	8.76179855828084e-05	0.00148154048348691	0	0.0144728981640325	0	0
161	0	3.07493619507129e-05	1.02497873169043e-05	0.00127097362730053	0.397722497258167	0.00057398808974724	0	0	0	0	0	1.02497873169043e-05	0.00140422086242059	0.00152721831022064	0.563543556471236	6.14987239015257e-05	0	0	0	0	0	2.04995746338086e-05	1.02497873169043e-05	1.02497873169043e-05	0	0	0	1.02497873169043e-05	0	0.0195258448387082	3.07493619507129e-05	0.000953230220473399	0	0.0132837243627056	0	0
162	0	7.85162179610706e-05	8.72402421788673e-06	0.00113412314832958	0.414111981574845	0	8.72402421788673e-06	0	0	0	8.72402421788673e-06	0.000296616823407889	0.00157904838343941	0.00116029522097957	0.551323434473794	0	0	0	0	0	0	0.00167501264982937	8.72402421788673e-06	8.72402421788673e-06	0	0	0	8.72402421788673e-06	0	0.0151536300664943	0	0.000837506324917686	0	0.0125974909706953	0	0
163	0	0.00250164943919007	1.37453265890004e-05	0.00108588080053003	0.475313393446013	0.00195183637563005	0	0	0	0	1.37453265890004e-05	0	0.00114086210688003	0.000178689245656005	0.486763250495013	0	0	0.00109962612712003	0	0.000934682208049025	0	0.0120271607653003	0.000274906531779007	1.37453265890004e-05	0	1.37453265890004e-05	0	0	0	0.00404112601716011	0	0.000219925225423006	0	0.0124120299099003	0	0
164	0	0.00010069479407902	7.74575339071154e-06	0.00113862574843023	0.534666119300306	7.74575339071154e-06	0	0	0	0	0	7.74575339071154e-06	0.00268003067319053	1.54915067814031e-05	0.437689286848287	0	0	0	0	0	0	0.00121608328234024	1.54915067814031e-05	0	0	0	0	0	0	0.00912449749425182	7.74575339071154e-06	0.000495728217005099	0	0.0128114761082025	0	1.54915067814031e-05
165	0	0.000130042769622224	0	0.00044792509536366	0.585351404461546	0	0	0	0	0	0	0	0.00121373251647476	2.88983932492942e-05	0.395156629291805	0	0	0	0	0	0	0.0044792509536466	0	0	0	0	0	0	1.44491966246471e-05	0.00757137903130348	0	0.000419026702114166	0.000924748583976814	0.00426251300427289	0	0
166	0	8.69856970661003e-05	0	0.000894710026966003	0.570750438035002	0	0	0	0	0	1.24265281523e-05	1.24265281523e-05	0.00110596100555	0	0.414971481118001	0	0	0	0	0	0	0	1.24265281523e-05	0	0	0	0	0	0	0.00150360990643001	0	0.000124265281523	0	0.0105004162887	0	2.48530563046001e-05
167	0	2.6803902648202e-05	0	0.00115256781387009	0.490028948215036	0	0	0	0	0	0	5.3607805296404e-05	0.00144741074300011	2.6803902648202e-05	0.40961724027003	0	2.6803902648202e-05	0.000107215610593008	0.000214431221186016	0	0	0.000455666345020034	2.6803902648202e-05	0	0	0	0	0	0	0.0326203495229024	0	0.00040205853972303	0	0.0637128765948047	0	8.04117079447059e-05
168	0	9.98781486585138e-05	0	0.0223926809292031	0.129541958810018	0	0	0	0	0	1.99756297317028e-05	0.000279658816244039	0.00409500409500056	3.99512594635055e-05	0.429496014862059	0	0	0.00057929326222008	0	0.000479415113561066	0	0.000619244521684085	1.99756297317028e-05	0	0	0	0	1.99756297317028e-05	0	0.280997183436039	0.000619244521684085	0.000998781486586138	0	0.129282275624018	0	0.000419488224366058
169	0	0.00161144454493064	1.64433116830065e-05	0.00878072843870347	0.10138945983704	0	0	0	0	0	0.000131546493464052	0	0.00516319986846204	0	0.714593439118282	0	0	1.64433116830065e-05	0	0	0	0.00180876428513071	1.64433116830065e-05	0	0	0	0	0	0	0.0142234646057056	1.64433116830065e-05	0.000411082792074162	0	0.15173888021106	0	8.22165584149325e-05
171	0.000589777195281327	0.00283420707732246	1.63826998689535e-05	0.000737221494101409	0.417398427261019	0.00113040629095329	0	0	0	0	0	0	0.00188401048493216	0.000163826998689535	0.529013761467553	0	0	0.000409567496723338	0	0	0	0.00276867627784865	0	0	0	0	0	0	0	0.015350589777281	0	0.000720838794232955	0	0.0224606815203698	0	0.00452162516382317
172	0	3.20138299745989e-05	0	0.000832359579337973	0.454500344148985	0.000720311174426976	0	0	0	0	0	0	0.000800345749363974	0	0.524210458917983	0	0	0	0	0	0	0.000400172874681987	0	0	0	0	0	1.60069149872995e-05	0	0.000352152129719988	0	0.00123253245401996	0	0.00526627503081983	0	0.0116370271956996
175	0	5.86218014481082e-05	0	0.00104542212582015	0.470908931031066	0	0	0	0	0	0	0	0.000595988314721083	0	0.518246035701072	0	0.00014655450362002	0	0	0	0	0.000244257506033034	0	8.79327021720122e-05	0	0	0	9.77030024133136e-06	0	5.86218014480082e-05	9.77030024133136e-06	0	0	0.00847085030922118	0	0.000117243602896016
176	0	3.08775396776125e-05	1.02925132258375e-05	0.000782231005167049	0.375512052532963	0	0	0	0	0	0	0	0.00114246896807586	0.000102925132258375	0.608658062125636	0	0	0	0	0	0	0	3.08775396776125e-05	0	0	0	0	1.02925132258375e-05	0	0.00012351015871085	0	0.00012351015871085	0	0.0134728998126714	0	0
177	0	4.6715874053994e-06	2.80295244323964e-05	0.00105975328424986	0.513568976107934	4.6715874053994e-06	0	0	0	0	4.6715874053994e-06	9.3431748107988e-05	0.000728070578462907	1.39973357966982e-05	0.473507213478939	0	0	0	0.000130804447350983	0	0	0.000555918901239929	0	0	0	0	0	0	0	9.3431748107988e-06	0	0.000994995838088872	9.3257483912988e-06	0.00631121133314919	0.000587522148649925	0.00238739158817969
178	0	3.24485690180764e-05	8.65295173816372e-05	0.00104917039825314	0.478648841586594	0	0	0	0	0	0	0.000594890431998068	0.000551625673307299	1.08161896726921e-05	0.50630583857868	0	0	0	0	0	0	0.000324485690180764	0	0	0	0	0	0	0	6.48971380361529e-05	0	0.000162242845090382	0	0.00800398035780219	0	0.00416423302398648
179	0	0.000956402748554845	0.000220708326590041	0.00173623883583966	0.465547430219434	0	0	0	0	0	0	0	0.000353133322543066	4.41416653179083e-05	0.507791003928543	0	0	0	0	0	0	1.47138884393361e-05	0	0	0	0	0	0	0	4.41416653179083e-05	0	0.000971116636995181	0	0.00903432750173635	0	0.0132866412606885
182	0	2.13240076339932e-05	0.00106620038169966	0.00132208847330958	0.545030973120827	0	0	0	0	0	0.00145003251910954	0.000447804160313858	0.000863622309176726	0	0.430051923958864	0	0	0.000671706240470787	0	0	0	0.00116215841604963	0	0	0	0	0	0	0	0	0	0.000671706240470787	0	0.00728214860700769	0	0.00995831156506684
183	0	3.33759804193898e-05	0.000767647549645764	0.00123491127551962	0.573721978082824	0	0	0	0	0	0	0	0.000545141013516833	2.22506536128932e-05	0.406519441508875	0	4.45013072258863e-05	0	0	0	0	0.00178005228903945	0	1.11253268064966e-05	0	0	0	0	0	3.33759804193898e-05	2.22506536128932e-05	0.000356010457806891	0	0.00758747288201767	0	0.00732046503865775
184	0	0.0024595043393767	0.000924272331359759	0.00187987592818748	0.600683021587914	0.000266315756493643	0	0	0	0	4.69968982047369e-05	0	0.000532631512987285	3.1331265469858e-05	0.347416737161293	0	0	0	0	0	0.00634458125764149	0.0146473666071804	0	1.56656327348789e-05	0	0	0	0	0	0.000109659429144853	1.56656327348789e-05	0.00440204279850409	0	0.0092427233136076	0	0.0109816085471653
185	0	0.00257708653585358	0.000198932995750276	0.000217017813546301	0.501437743014696	9.94664978752381e-05	0	0	0	0	9.04240889774255e-06	0	0.00291165566507404	9.04240889774255e-06	0.462537299936642	9.04240889774255e-06	0	0	0	0	0	0.0017271000994724	5.42544533864753e-05	0.000207975404648289	9.04240889774255e-06	0	0	3.61696355909502e-05	0	0.00162763360160226	7.23392711819004e-05	0.000985622569854368	0	0.0115742833891161	0	0.013699249480119
186	0	0	2.83945709580271e-05	0.000369129422454653	0.900335055937239	0	0	0	0	0	0	0	0.000227156567665017	0	0.0828837526265651	0	0	0	0	0	0	0.00718382645238016	0	0	0	0.000823442557782687	0	0	0	0.00144812311886248	0	0.00371968879550265	0	0.000255551138622144	0	0.0027258788119682
189	0	0	0.000247946691461104	0.000650860065087272	0.529087246242221	0	0	0	0	0	0	6.19866728654259e-05	0.00123973345731052	0	0.443576631024186	0	0	0	0	0	0	0	0	0	0	3.0993336432713e-05	0	0	0	0.000154966682163065	3.0993336432713e-05	0	0	0.0232759956609097	0	0.00164264683093069
190	0	0.000143374314492003	0.000107530735869003	0.00168464819528004	0.773325208789019	0	0	0	0	0	0	7.16871572458018e-05	0.000358435786229009	0	0.198250833363005	0	0	3.58435786229009e-05	0	0	0	0.000967776622818024	0	0	0	0	0	0	0	0.0142299007133003	0	0.00146958672354004	0.000107530735869003	0.00508978816445012	0	0.0041578551202601
191	0	3.75636233870607e-05	0.000375636233871607	0.0012395995717788	0.558740116071703	0	0	0	0	0	3.75636233871607e-05	0	0.000826399714516536	0	0.414815093063753	0	0	0	0	0	0	1.87818116935304e-05	0	0	0	0	0	0	0	1.87818116935304e-05	0	5.63454350806911e-05	0	0.0127528501399348	0	0.0110812688991999
192	0	0	9.70402717128582e-05	0.00145560407569087	0.513682678311308	4.85201358564291e-05	0	0	0	0	0	0	0.000921882581271553	0	0.464483260553279	0	0	0	0	0	0	0	0	0	0	0	0	0	0	0	0	0	0	0.015041242115509	0	0.00426977195537256
193	0	0.000643078376817418	0.000157488582077858	0.000367473358181667	0.603325633891454	0.000459341697726584	0	0	0	0	1.31240485064881e-05	0	0.000721822667856347	0	0.373536668591662	2.62480970129762e-05	0	1.31240485064881e-05	0	0	0.000879311249933204	0.00276917423485749	0	2.62480970129762e-05	0	0	0	1.31240485064881e-05	0	0.00062995432831143	2.62480970129762e-05	0.000301853115648727	0.000170612630583846	0.0158276024987857	0	9.18683395453169e-05
194	0	1.8587015111197e-05	0.000130109105778979	0.000390327317335937	0.539432352558913	0	0	0	0	0	0	0	0.000966524785784844	0	0.43263136372893	0	0	0	0	0	0	0.00349435884090944	3.7174030222394e-05	0	0	0.000297392241779952	0	0	0	0.00120815598222981	0	0.0012453300124498	3.7174030222494e-05	0.0198881061689968	0	0.000223044181334964
195	0	3.84482294589844e-05	9.61205736475609e-05	0.000672844015532726	0.554731054634775	0	0.000826636933368664	0	0	0	0	0.000365258179860852	0.00111499865430955	0	0.425891037717827	0	0	0	0	0	0	0.00261447960321894	0	0	0	0	0	0	0	3.84482294589844e-05	0	0.000807412818639672	0	0.012341881656395	0	0.000461378753507812
196	0	0.000387873522202083	4.65448226642099e-05	0.000636112576411135	0.439274521364094	1.55149408881033e-05	0.00121016538927026	0	0	0	0	0	0.00190833772923041	1.55149408881033e-05	0.519812579514111	0	0.00124119527105026	1.55149408881033e-05	0	0	0.000620597635523132	0.00671796940454143	0	0.000667142458188142	0	0	0	0	0	1.55149408881033e-05	1.55149408881033e-05	0.00150494926614032	0	0.0258013466968055	0	9.30896453285198e-05
197	0	2.31964741358775e-05	0.00018557179308682	0.00127580607747876	0.472860125260541	0	0	0	0	0	0.00018557179308782	0	0.00197170030155809	0	0.489607979587525	0	0	0	0	0	0	0.00125260960333878	0.00180932498259825	0	0	0.00046392948271855	0	0	0	4.6392948271855e-05	0.00136859197401867	0.000695894224077325	0	0.0277429830665731	0	0.000510322430989505
198	0	0.000126976960735921	0.000183411165507886	0.000620776252486616	0.575431368952644	0	0	0	0	0	0	9.87598583500388e-05	0.00045147363817172	0	0.407624261064748	0	0	4.23256535785738e-05	0	0	0	0.000211628267892869	0	0	0	5.6434204771465e-05	0	0	0	1.41085511928913e-05	1.41085511928913e-05	0.00011286840954293	7.05427559643563e-05	0.0126130447663922	0	0.00232791094682856
199	0	0.0001903922079488	0.0005711766238444	0.0004409082710388	0.497124075595712	2.00412850472e-05	0	0	0	0	0	0	0.0019740665771524	1.00206425236e-05	0.479026795198117	0	0	0	0	0	0	0.0008918371846008	0	0	0	0	0	1.00206425236e-05	0	2.00412850472e-05	0	3.00619275708e-05	0.0003106399182312	0.0107922319979184	0	0.0085876906427244
200	0	1.75214199358904e-05	0.000639531827659649	0.000402992658524779	0.481611269777736	0	0	0	0	0	0	0	0.00158568850419913	0	0.49258843936673	0	0	0	0	0	0	1.75214199358904e-05	8.7607099679352e-06	0	0	0	0	0	0	5.25642598075712e-05	0	1.75214199358904e-05	0	0.0137893574894924	0	0.00926883114607492
201	0	4.68159314615964e-05	0.000362823468825972	0.000725646937652944	0.486675015507962	0	0	0	0	0	0	1.17039828653991e-05	0.000807574817710937	1.17039828653991e-05	0.485247129597962	0	0	0.000163855760114987	0	1.17039828653991e-05	0	0.00110017438934991	0	0	0	0	0	0	0	5.85199143267955e-05	0	0.000866094732037933	0	0.0121136222656991	0	0.0117976147282991
203	0	0.000145887105824128	0.00081921220962887	0.00343395802940639	0.441510492649669	0.000527437997979615	0	0	0	0	0	0	0.0011783189316568	0	0.511828077656728	0	0	0	0	0	0	0.000516215912916836	0	0	0	0	0	2.24441701267581e-05	0	7.85545954437533e-05	0	0.000302996296712034	0	0.0246100325440774	0	0.0150263718998301
204	0	0.000416807773464801	0.000468908745148776	0.0010550446765795	0.43865110584279	0	0.000234454372573888	0	0	0	0	0	0.00203193789563903	2.60504858415875e-05	0.486779378435767	0	0	0	0	0	0	0.000351681558860832	0	0	0	0	0	0	0	6.51262146038688e-05	0	0.000299580587177857	0.000429833016385794	0.0118529710578943	0	0.0573371193372726
205	0	3.0008702523609e-05	0.00111032199337643	0.0010002900841203	0.470226365646227	0	0	0	0	0	2.0005801682506e-05	1.0002900841203e-05	0.000880255274029065	0	0.480459333206428	0	0	0	0	0	0	0	0	0	0	0	0	2.0005801682406e-05	0	0.000140040611777442	0	2.0005801682406e-05	0	0.0186153984655567	0	0.0274679657100729
206	0	1.71670872602929e-05	0.000927022712056018	0.000892688537534832	0.446361435855171	0	0	0	0	0	0	0	0.000772518926713682	0	0.513948258399003	0	0	0	0	0	0.000206005047123115	0.000875521450275239	1.71670872602929e-05	1.71670872602929e-05	0	0	0	0	0	0	0	0.00408576676796312	0	0.010162915658119	0	0.0217163653842601
208	0	0.000243197232955978	0.000351284892047969	0.000635014997162943	0.464168941010959	0	0	0	0	0	2.70219147728976e-05	0.000310752019887972	0.00152673818466986	0	0.500621504039956	0	0	0	0	0	0	0.000864701272731923	0	0	0	0	0	0	0	1.35109573863988e-05	0	2.70219147727976e-05	0	0.022941605642198	0	0.00826870592049926
210	0	0.0012522011348106	7.82625709255377e-05	0.000489141068284235	0.551985912737266	0	0	0	0	0	0.000860888280180414	0.000821756994717396	0.000645666210135311	0	0.410037174721197	0	0	0	0	0	0	0.00888280180004428	0.000586969281941283	0	0	0	0	0	0	0.000900019565642433	5.86969281941283e-05	0.00569360203483274	0.0016630796321608	0.0136372529837066	0	0.00240657405596116
211	0	1.31623976623389e-05	9.21367836365723e-05	0.00206649643299091	0.586095243109431	0.000868718245715968	0	0	0	0	0	0.0004738463158448	0.000631795087792067	0	0.376181325190224	0	0	0	0	0	0.000605470292469189	0.00397504409403455	0	0	0	0	0	0	0	3.94871929870167e-05	1.31623976623389e-05	0.000210598362598022	0.000855555848053529	0.0180061600021284	0	0.00987179824676918
212	0	0.000291531590364105	0.000291531590363105	0.00205238239615074	0.410698043240148	1.16612636145042e-05	0	0	0	0	0	0	0.00108449751615039	1.16612636145042e-05	0.543065046528196	0	0	0	0	0	0	0.000536418126268194	0	0	0	0	0	0	0	0	0	1.16612636145042e-05	0	0.0298644961168108	0	0.0120810691047044
213	0	0.000640111728591481	0.000290959876632764	0.00132386743867893	0.484433646600607	1.45479938316882e-05	0	0	0	0	0	0	0.000698303703918434	0	0.48116034798761	0	0	0	0.000218219907474823	0	0	0.00189123919810847	0	0.0002473158951378	0	0	0	0	0	0	0	1.45479938316882e-05	0	0.0180104163635854	0	0.011056475311991
214	0	0	0.000213272669107109	0.000876787639664449	0.519627009798266	0	0	0	1.18484816171061e-05	0	0	0	0.000367302930129188	0	0.44904560480623	0	0	0	0	0	0	4.73939264684243e-05	0	0	0	0	0	0	0	0	0	5.92424080854303e-05	1.18484816171061e-05	0.0151897534331078	0	0.0145499354257075
215	0	0	3.16851760903598e-05	0.000126740704361839	0.651280873243173	0	0	0	0	0	1.58425880451799e-05	0	0.000166347174473789	1.58425880451799e-05	0.316012103737599	0	0	0	0	0	0	7.92129402257994e-06	0	0	0	0	0	7.92129402257994e-06	0	7.92129402257994e-06	0	1.58425880451799e-05	0	0.00190903185943758	0	0.0304019264586614
217	0	0	0.000231696014828849	0.00278035217793819	0.441427247451712	4.63392029656698e-05	0	0	0	0	0	0	0.000556070435588637	0	0.472937905467691	0	0	0	0	0	0	0	0	0	0	0	0	0	0	0.000185356811862879	0	4.63392029656698e-05	0	0.0593605189990613	0	0.0224281742353854
225	0	0	0.000232423009878628	0.000542320356381466	0.616347085027681	0.000290528762348035	0	0	0	0	0	0	0.000503583188068861	0	0.35225644005465	0	0	0	0	0	0	0.00185938407902103	0	1.93685841565024e-05	0	0	0	0	0	0.00032926593066064	1.93685841565024e-05	0	0.000271160178191233	0.0172186713151393	0	0.0101104009296668
228	0	0.000498841400619078	9.65499485066408e-05	0.00139997425334799	0.387374485067405	0	0	0	0	0	0	0	0.00278385684860911	0.000128733264675988	0.498439109165406	0	0	0	0	0	0	0.000498841400618078	0	0	0	0	0	0	0	0.000257466529351976	0	9.65499485067408e-05	0	0.0713665036044838	0	0.0370590885684696
229	0	0.000334522747547281	0.163868357334154	0.00360010194978874	0.140626991206841	0	0.00031859309290141	0	0	0	0	0	0.00380718746017105	0.000159296546450705	0.639480056072234	0	0	0	0	0	0.000334522747546281	0.00299477507326966	0	0	0.00062125653115895	0	0	0	0	7.96482732253526e-05	1.59296546450705e-05	0.000286733783611669	0.000366382056837022	0.0431056454696176	0	0
230	0	0.000290807075165111	0.130948715317454	0.000889527524034221	0.176160662355693	0	0	0	0	0	0	1.71062985390889e-05	0.00523452735297199	1.71062985390889e-05	0.65356324198534	0	0	0	0	0	0	0.00220671251155466	0	0	0.000803996031338777	0	0	1.71062985390889e-05	0	0.000410551164939333	0.000256594478086333	1.71062985390889e-05	0	0.0291662390092655	0	0
231	0	0.000210106103582568	0.0938123752494658	0.00189095493223711	0.202437230801716	0	0	0	0	0	0	0	0.00451728122701422	0	0.637987183527558	0	0	0	0	0	0	0.000945477466119557	0	0	0.00220611408760997	0	0	0	0	0.000735371362536989	0.000420212207164137	0	0	0.0548376930349963	0	0
232	0	0.000340406218086877	0.000353013855793872	0.0010968644804996	0.471727372442829	1.26076377068954e-05	0	0	0	0	1.26076377068954e-05	0	0.000680812436172753	0	0.459800547170833	0	0.000201722203310927	0	0	1.26076377068954e-05	0	0.00132380195922952	0	0	0	0	0	0	0	0.000151291652482945	0	0.000529520783690808	0.000315190942672886	0.0243957789628912	0	0.0390458539783858
233	0	2.28482646742158e-05	0.000194210249731134	0.000411268764137284	0.568419128567393	0	0	0	0	0	0	1.14241323371079e-05	0.000137089588046095	0	0.414524641853287	0	0	0	0	0	0	0	0	0	0	0	0	0	0	0.000845385792949585	0	0	0	0.0153311855964106	0	0.000102817191034071
241	0	3.03945208811858e-05	5.06575348017764e-05	0.000314076715771254	0.417894267593866	1.01315069603953e-05	0	0	0.0512755567263065	0	0.000121578083523743	0	0.000699073980264274	1.01315069603953e-05	0.519644991995614	1.01315069603953e-05	0	0	0	0	0	1.01315069603953e-05	0	0	0.000121578083523743	0	0	2.02630139206906e-05	0	2.02630139207906e-05	0	5.06575348017764e-05	0	0.00860164940932959	0	0.00111446576563348
242	0	0.000571719949936036	6.18075621552282e-05	0.00067988318370661	0.459276542485	0	0	0	0.0331752089868051	0	0.000463556716164461	0	0.0019778419889665	0	0.477787907350484	0	0	1.5451890538782e-05	0	0	0	0.00134431447687614	1.5451890538782e-05	3.09037810775641e-05	0.000695335074245692	0	0	0	1.5451890538782e-05	0.000788046417479184	0	0.000231778358082231	0.000309037810775641	0.0186658837708551	0	0.00389387641577467
252	0	0.000110061854761977	0.156089722423967	0.00409430099715914	0.165929252239965	0	0	0	0.00123269277333974	0	0	0	0.0023773360628695	4.40247419049908e-05	0.576614057099879	0	0	0	0	0	0	0.00363204120715924	0	0	0.00807854013955831	0	0	0	0	2.20123709524954e-05	0	8.80494838098816e-05	0	0.0751062096898843	0	0.00658169891478862
318	0	4.23292368038938e-05	0.0512042667870925	0.00118521863050983	0.221071494080968	1.41097456012979e-05	0	0	0.000790145753671885	0	0	2.82194912025959e-05	0.00221523005939968	9.87682192089856e-05	0.679878091797901	0	0	0.000126987710411982	0	0	0	0.00166494998094976	0	0	0.00435991139079937	0	0	0	0	4.23292368038938e-05	0	0.000253975420822963	0	0.0363890339057947	0	0.000634938552057908
