Timepoint	Actinobacteria1	Bacteroidia	Flavobacteria	Sphingobacteria	4C0d-2	Chloroplast	Bacilli	Clostridia	Fusobacteria1	Alphaproteobacteria	Betaproteobacteria	Deltaproteobacteria	Epsilonproteobacteria	Gammaproteobacteria	Erysipelotrichi	Mollicutes	Verrucomicrobiae
0	0.0292145176742057	0.292232272834719	6.22114941956051e-05	0	0	0.000447922758207997	0.00252578666433879	0.640716178721298	0	0	0.00454143907628427	0.00165482574560852	3.73268965173831e-05	0.00348384367496109	0.0250836744596638	0	0
1	0.0702815383152633	0.234742081734979	0	0	0	0.00022985954789053	0.00485082907960772	0.645461462857738	0	7.92619130655551e-06	0.00424843854031703	0.000356678608795097	1.58523826130711e-05	0.00270283123553761	0.0371025015059517	0	0
2	0.0632915745939533	0.252830967387213	0	0	0	6.01876133892507e-05	0.00306956828285258	0.644927473925543	0	0	0.00419593647628353	0.000206357531620174	6.01876133892507e-05	0.0029663895170325	0.0283913570587239	0	0
3	0.144125683060131	0	0	0	0.0846994535519771	0	0.0539617486339491	0.000683060109290622	0	0.0635245901640578	0.507513661202462	0	0	0.145491803278132	0	0	0
4	0.0786032931184065	0.263612155254022	0	0	0	0.000188373905077016	0.00351060459461029	0.648117545317054	0	0	0.000530871914307044	0.000171249004615014	0	0.000667871117998055	0.00459803577391038	0	0
5	0.0766334282477954	0.264042040919262	0	0	0.000192394375487957	6.0466803724758e-05	0.0212018601787679	0.622676150793512	0	0.000175903429017132	0.000989456788222495	0.000885014127243604	1.64909464704249e-05	0.000786068448421654	0.012340724942074	0	0
6	0.0193757284108125	0.485535170495312	4.69942479041302e-06	0	0	1.40982743712091e-05	0.00141922628670091	0.454631753073293	4.69942479041302e-06	0.000211474115568136	0.00306872438813197	0.00114665964886074	6.10925222753393e-05	0.0153342230911099	0.0191783525696123	1.40982743712091e-05	0
7	0.0575720165663221	0.137102705475887	7.25441332320178e-06	0	0	9.61448152400643e-05	0.0311139808895139	0.688053218345708	2.77747442307755e-05	0.000300714338400633	0.00154510927317745	0.00134878244702805	7.00583151078345e-05	0.00823936558148432	0.0745228747945762	0	0
8	0.0936734855066902	0.220452874666977	0.000212645738275978	0.000589332474649938	0	6.07559252215936e-06	0.0106262113212989	0.615032231017936	0	0	0.00406457139731958	0.00108145546894989	1.82267775664981e-05	0.00414355410011957	0.0500993359376948	0	0
9	0.104225128233617	0.109219962217978	0.000134499813534382	0	0	6.11362788792189e-06	0.00596078719072259	0.73435675464136	0	0.000391272184826201	0.000593021905128274	2.44545115516876e-05	1.22272557758438e-05	0.00303235943240806	0.0420434189852107	0	0
10	0.0876912729108018	0.310920071744818	0	0	0	0	0.00809932178690153	0.554691441062651	0	0	0.000749677708649128	0.000721652373746628	1.401266745135e-05	0.000686620705118752	0.0364259290398617	0	0
11	0	0	0	0	0	0	0	1	0	0	0	0	0	0	0	0	0
12	0.0452019324892536	0.426758028355514	0	0	0.000907827844264324	0	0.00159461934383321	0.482372351511147	0	0.00292873156713902	0.0116280905617269	0.00516277747955496	0	0.00502068268653546	0.0184249581610311	0	0
13	0.0549823309036036	0.23381218503423	0	0	4.42834495035849e-06	4.42834495035849e-06	0.00182890646449133	0.666434916614077	0	0.000367552630879325	0.000743961951658946	0.00167391439122613	0	0.000141707038411752	0.0400012399365713	4.42834495035849e-06	0
14	0.0161185821969152	0.340410233719321	7.90126578278745e-06	0	0	0	0.00111407847537105	0.595352475466562	0.000260741770832246	9.48151893934895e-05	0.00799608097218754	0.00111407847537105	2.37037973484224e-05	0.00716644806498676	0.0303408606059286	0	0
15	0.0659142932605864	0.229640797640174	0.000308139278955119	0	0	1.10049742483828e-05	0.0106142976625428	0.578707575824535	5.5024871241814e-05	0.00031364176607871	0.00361513404058455	0.000621781045032828	0.000247611920587613	0.084044988334745	0.0259057093806883	0	0
16	0.0577320832766796	0.375127698013649	0	0	0	0	0.00231491965718781	0.530992245019297	5.03243403737786e-06	0	0.00854004056142102	0.0029540387799376	2.01297361495114e-05	0.0014090815304678	0.0209047309911732	0	0
17	0.0728138574142666	0.284759766740775	1.3283564245954e-05	0	0	1.3283564245954e-05	0.0105205828827555	0.550563887302114	6.64178212297698e-06	6.64178212297698e-06	0.00883357022355938	0.00209880315086073	2.65671284919079e-05	0.0110253583241418	0.0593177561402974	0	0
18	0.100142135587078	0.255184141729199	0	0	0	0	0.00139597451712109	0.622522145232486	0	0.000736059290845574	0.00290616513110227	0.000494936419706386	1.26906774284099e-05	0.00224624990482175	0.0143595015102112	0	0
19	0.128786644950993	0.0670602605862963	0	0.00574104234527968	0	0	0.00370521172638979	0.688884364820962	0	0.0190146579804989	0.0260993485341985	0.00142508143322992	8.14332247556955e-05	0.0471905537458974	0.0120114006514993	0	0
20	0.0873387482083492	0.24135053352486	0	0	0	0	0.00307692307692821	0.641127568083627	0	0.000789934702977539	0.00386685777989775	0.000707118967987588	1.27408823060926e-05	0.00111482720177935	0.020614747571288	0	0
21	0.0310536044363085	0.321677029071088	0	0	1.68038985045046e-05	0.000957822214754261	0.00416736682910113	0.585296588808159	0	0.000554528650647151	0.00446983700219122	3.36077970090091e-05	5.04116955134137e-05	0.00341119139641093	0.0483112082003131	0	0
22	0.0776423056757032	0.212582114255875	5.14017250418159e-06	0	0	2.5700862520858e-05	0.00195840572409924	0.671846247160075	4.62615525376843e-05	0	0.000621960873006023	2.5700862520958e-05	5.65418975460475e-05	0.00293503849988324	0.0322545824637282	0	0
23	0.0312434131459784	0.22439493390042	1.10936488860301e-05	0	0	5.91661273920273e-05	0.00680410465007914	0.634745308311006	1.10936488860301e-05	0.000613848571691933	0.00451881297956713	0.000299528519921913	4.43745955439205e-05	0.0160894887676634	0.0811648331329639	0	0
24	0.0560130239412673	0.316246233101911	1.57446098327727e-05	0	0	6.29784393312908e-06	0.00424474681093504	0.561688955786164	0	3.14892196656454e-06	0.00154926960754691	0.00350160122681953	1.57446098327727e-05	0.0012690155525217	0.055443069065303	3.14892196656454e-06	0
25	0.0639123935954228	0.283422426023321	0.00131738954195585	0	0	3.16680178353848e-05	0.00347714835833327	0.571728060397473	0	6.33360356708696e-06	0.00758765707338223	0.00283112079449146	6.33360356708696e-06	0.00170373935954732	0.0639757296311033	0	0
26	0.128334885046696	0.0041918541715914	4.45468030987362e-06	4.45468030987362e-06	0	4.45468030987362e-06	0.00330091810962068	0.809437685704697	0	0.000686020767720557	0.00409385120476532	8.01842455776651e-05	4.45468030987362e-06	0.0009844843484818	0.0488678429992997	0	4.45468030987362e-06
27	0.0762510875135193	0.27739044418207	0.000691241493558175	0	0	0.000194659960830049	0.00581993556358147	0.604629728946153	4.76718271420121e-05	0	0.00610199387417155	0.00112426059010028	0.000162878742735041	0.00558157642787141	0.0220005482260056	0	3.97265226183101e-06
28	0.080516175271341	0.0843556767944382	1.0970004351492e-05	4.75366855228652e-05	0	0	0.00447941844349672	0.79118231050242	0	0	0.000255966768200812	0.000252310100082815	7.31333623428464e-06	0.000563126890039587	0.0383291952038719	0	0
29	0.0382378967259267	0.220798235818872	1.99748716115528e-06	0	1.99748716115528e-06	1.19849229669117e-05	0.00337175832802195	0.55187174534427	1.99748716115528e-06	0.000141821588442305	0.00186565300851615	0.000779019992848758	3.99497432231055e-06	0.00386513765683126	0.179040766716015	5.99246148345583e-06	0
30	0.0974529872509299	0.144510430517044	1.11735588902034e-05	0	0	2.79338972256086e-06	0.00301965429009093	0.68593360671321	2.79338972256086e-06	0.000167603383354051	0.00242466227919074	7.54215225091231e-05	2.79338972256086e-06	0.00206431500497063	0.0643289719209197	2.79338972256086e-06	0
32	0.041228481221685	0.217561473992921	1.15227728400958e-05	0	0	3.8409242800186e-06	0.00450924510473836	0.644115319910766	0	3.8409242800186e-06	0.000299592093840891	9.21821827203665e-05	0	0.000314955790961886	0.0918595450809666	0	0
33	0.0752256493563023	0.191421703036006	0.000172448877530005	0	0	0	0.00137269306514004	0.676672150541021	0	0	0.000458714014230014	5.51836408097017e-05	6.89795510122021e-06	0.000617366981558019	0.0539971925323017	0	0
34	0.0910852008912539	0.305464161618845	8.38618962292575e-06	0	1.11815861638943e-05	0	0.00664186218135664	0.561620323650716	0	2.79539654097858e-06	0.00229222516359884	0.00132501796041933	1.95677757867901e-05	0.000486398998129754	0.0310372877944843	5.59079308195717e-06	0
35	0	0	0	0	0	1	0	0	0	0	0	0	0	0	0	0	0
36	0.0472482129365973	0.274016388678984	6.45732034119964e-06	0	0	0	0.00417142894041976	0.643071618139964	1.93719610235989e-05	0.000884652886744951	0.0053660332035497	0.000374524579789979	9.0402484776895e-05	0.00708368041430961	0.017667228453499	0	0
37	0.0670941721360868	0.271971692289946	0.000494725286115902	0	0	4.71166939157907e-06	0.00232285301004954	0.589990529544883	0	0	0.00894746017460824	0.00188466775662963	0	0.010299709289998	0.0469894788422907	0	0
38	0.0799651892007355	0.201709980867086	0.000265731292517246	0	0	0	0.00147480867346992	0.675043845663431	0	0.000169403698979545	0.00406568877551707	0.000295626062925637	9.96492346939673e-06	0.000647720025510788	0.0363520408163585	0	0
39	0.0640114833729483	0.343585849655722	3.4672020026572e-06	0	0	0	0.00357121806273711	0.565216336068543	0	3.4672020026572e-06	0.00513492616592585	0.000766251642586381	2.08032120159832e-05	0.00225714850372818	0.0154290489117875	0	0
40	0.0710670583821467	0.301529337470373	0	0	0	3.66089161015387e-05	0.00802650485525991	0.582319723968417	9.15222902538467e-06	0	0.00479576800930217	0.0011074197120677	9.15222902538467e-06	0.00152842224724029	0.0295708519810405	0	0
41	0.156695401311572	0.200862039358382	0	0	0	8.58604938694915e-05	0.0291925679156271	0.590411100045136	1.71720987738983e-05	0.000566679259538644	0.00951334272074766	0.00111618642030339	3.43441975477966e-05	0.00132225160559417	0.0101830545729077	0	0
42	0.113394311489994	0.129425031508993	0	0	7.37044598568961e-06	0	0.0220081517131988	0.705749684912962	7.37044598568961e-06	3.6852229928398e-05	0.00171731391465991	0.000670710584697964	0	0.00642702889950966	0.0205488034080989	0	7.37044598568961e-06
43	0.10246187857601	0.245817858910024	9.24996646887092e-06	0	0	0	0.00223386690223022	0.593070850118059	0	0	0.000763122233682076	0.00159099423265016	0	0.00351498725817035	0.050537191802705	0	0
44	0.0813755569722957	0.0352951041905622	0.000112675410323359	2.269643175452e-06	0	7.54037688961632e-06	0.00798895287254056	0.708898668950146	2.23773148811589e-05	0	0.00121249134883158	0	7.24026783573109e-05	0.0236343674728404	0.141377592769157	0	0
45	0.0458055294559749	0.16520760080591	7.98515825252563e-06	0	5.32343883501709e-06	0	0.00301572810003835	0.71209778092461	0.000143732848544921	0	0.00196967236894892	4.79109495150738e-05	0	0.00650790397580644	0.0651908319735643	0	0
46	0.0786032429085037	0.0782405652881037	0	0	0	4.07502944209019e-06	0.00386720294054018	0.780620789985037	8.15005888418039e-06	0	0.00021597656043001	4.07502944209019e-06	8.15005888418039e-06	0.00603511860373029	0.0523926535370025	0	0
47	0.108491389239611	0.049420248375234	3.49037703053185e-06	3.49037703053185e-06	0	0	0.0216822221136818	0.669883630829769	0	6.98075406106371e-06	0.000174518851526593	3.49037703053185e-06	2.09422621831511e-05	0.00767533909013938	0.142634257352703	0	0
49	0.0902410738051739	0.20726073234717	0	0	0	0	0.00193923723335159	0.675500969618553	0	0	0.00202003878475165	0.000204380394692167	9.50606486939778e-06	0.00179664626032147	0.0210274154911172	0	0
50	0.114640177186979	0.243948265826954	1.17187042237978e-05	0	7.81246948253853e-06	1.17187042237978e-05	0.0104218342896981	0.611853078698886	3.90623474126927e-06	3.90623474126927e-06	0.00246874035648954	5.46872863777898e-05	7.81246948252853e-05	0.00678122351083873	0.00971089956679817	3.90623474126927e-06	0
51	0.105354832747993	0.199810571058988	1.38606542228991e-05	0	0	4.62021807428971e-06	0.00634355941600961	0.672629828127958	0	0.000207909813342987	0.000961005359452941	4.62021807428971e-06	4.62021807428971e-06	0.00139992607650991	0.0132646460912992	0	0
52	0.106603133529824	0.14071222329178	9.46685810757412e-06	0	0	3.15561936919137e-06	0.00567380362580667	0.709604127550282	0	7.88904842297343e-05	0.000312406317550236	1.26224774768055e-05	9.46685810757412e-06	0.00640590731945979	0.0305747960680064	0	0
53	0.0710942997233868	0.0785440113774854	3.72299432987931e-06	3.72299432987931e-06	0	3.72299432987931e-06	0.00853682599841841	0.70159455847187	3.72299432987931e-06	9.6797852576882e-05	0.000595679092780889	4.8398926288391e-05	0	0.032040089202894	0.10743444737698	0	0
54	0.0855834236925089	0.306107091858288	0.000219231977057346	5.92518856913206e-06	5.92518856913206e-06	5.92518856913206e-06	0.00797530381405443	0.57412114640529	0	0	0.00493568207808614	0.000112578582813529	5.92518856913206e-06	0.00389284888992482	0.0170289919477004	0	0
55	0.0804280576072533	0.210591909533711	0.000888086321989884	0	0	2.96028773996628e-06	0.0133538579950393	0.657500629061005	0	2.96028773996628e-06	0.00171696688918024	0.000725270496291689	1.18411509599051e-05	0.00420064830300904	0.0305768120660807	0	0
56	0.105081164945992	0.12567156049599	4.12633177357968e-06	0	0	2.47579906414981e-05	0.00763165061522942	0.703240408341945	4.12633177357968e-06	0	0.00025170623818798	0.000286780058263978	2.06316588678984e-06	0.00366624578081972	0.0541354097034958	0	0
57	0.0716715685994434	0.115239986118909	0.000247467018619805	0	0	4.55111758381641e-05	0.00779378886227385	0.726443699831426	2.84444848987775e-06	0	0.000819201165085353	9.67112486559236e-05	1.1377793959491e-05	0.00287858187175773	0.074749261865541	0	0
58	0.109973779344084	0.273242316971892	5.36758568679107e-06	0	0	0	0.0133840749099922	0.551401342433177	0	8.05137853018661e-06	0.00170957604124617	0.00130432332189461	1.34189642170277e-05	0.00103326024470933	0.0479244888045699	0	0
59	0.162167058223919	0.108149112626946	8.77466104333561e-05	0	0	0.000234934473095883	0.0154349118287923	0.608364233349696	2.83053582042858e-06	0	0.000532140734241734	0.000435902516346782	8.49160746128575e-06	0.0531970902091734	0.0513855472840743	0	0
60	0.0973252355870261	0.231777085049824	8.9576839012432e-06	0	0	2.98589463375773e-05	0.0173689490844868	0.601753317329543	5.97178926749547e-06	5.97178926749547e-06	0.000635995556987517	0.000904726074025313	3.28448409711751e-05	0.0200413247816848	0.0301097614866771	0	0
61	0.0684435856634323	0.319144502538151	4.73592483140224e-06	0	0	9.47184966280447e-06	0.00352826399940167	0.586994203228277	0	9.47184966280447e-06	0.00184701068425087	9.9454421459447e-05	4.73592483140224e-06	0.00434757899523205	0.0155669849208073	0	0
63	0	0.384615384616	0	0	0	0	0	0.615384615384	0	0	0	0	0	0	0	0	0
64	0.0301042652903791	0.238430054996835	1.18719374111918e-05	0	0	5.93596870556588e-06	0.0165999364850885	0.618400315793571	2.96798435278794e-06	0.000854779493602407	0.00294127249360796	0.00352002944239756	1.18719374111918e-05	0.0110943255106923	0.0780223726659459	0	0
65	0.0684572672433807	0.226137111303936	0	0	0	0	0.00720667539829796	0.614584294120826	4.30432830956878e-05	0	0.0010637839965097	0.00116216864357967	1.84471213266948e-05	0.00798760353446775	0.0733396053545793	0	0
66	0.0806329647444068	0.11601254524701	1.23964893142011e-05	0	0	6.19824465711053e-06	0.023528536718402	0.698610353548059	0	6.19824465711053e-06	0.000192145584371016	0.00101031387911009	3.09912232856026e-05	0.00171691377002015	0.0782404423067067	0	0
67	0.0641271399480588	0.27999575492682	0	0	0	1.32658543541915e-05	0.00211590376948864	0.580799002407627	0	0	0.000351545140385774	0.000696457353594553	0	0.00392669288883748	0.0679676047836563	6.63292717708574e-06	0
68	0.0202378334307929	0.354470506830875	5.36385725702811e-06	0	0	0	0.00137851131505952	0.579827605627796	0	7.50940015983736e-05	0.00352941807512876	0.000670482157128764	5.36385725702811e-06	0.00817451845971713	0.0316253023873889	0	0
69	0.011172616931596	0.204966736071927	0	0	0	0.00025392311208191	0.00771926260727726	0.70631252856675	0	0	0.000812553958661712	0.000355492356913874	5.0784622416282e-05	0.0415926057589853	0.0267634960133905	0	0
70	0.0589367039282787	0.38838557268486	0	0	0	0	0.00230754243685917	0.480997783784826	0	0	0.00238669296899914	0.0113672341150959	0.000127858551910954	0.00199702881078928	0.0534935827183807	0	0
72	0.0464358321983215	0.133707717071062	7.9882732149237e-06	0	0	3.99413660746185e-06	0.0627478861032291	0.672980065264312	3.99413660746185e-06	0	0.00015177719108407	0	7.9882732149237e-06	0.0266289087620123	0.0573198544537266	3.99413660746185e-06	0
73	0.0102109804258071	0.452137706043645	5.36572802197406e-06	0	0	0	0.00958855597526841	0.432847913805318	0.000193166208791346	0.000429258241758325	0.00437306833791506	0.00142728365384678	7.51201923076569e-05	0.0651292067307894	0.0235770089285091	5.36572802197406e-06	0
74	0.00502100375268304	0.482863249113292	3.83956751112233e-06	0	0	7.67913502225466e-06	0.00117816622004071	0.418314267071253	4.40218348301267e-06	2.6413100898016e-05	0.00138668779714084	0.000475435816164288	8.80436696600534e-06	0.0595817668501361	0.0270117060375164	0.00150895003187091	0.00260762895602158
75	0.0188468450963903	0.19726040705326	0.00777189488511095	0.00636323893717677	0	0.00320590664010639	0.024481468888107	0.610725214941423	0	0.0179239325787462	0.0284645650167395	0	0.00548890076260867	0.0469228153689217	0.0294360518773596	4.85743430319059e-05	0.00306018361101837
76	0.0230297794217101	0.26844677232131	0.00475174815733508	0.00429277248305426	0	0	0.00785658360106309	0.598288290720452	0	0.00394179108507128	0.0180080455735703	0.00218688409513631	0	0.0276195361645183	0.0318853100785532	0.00329382542725423	0.00639866087097221
77	0.00738253648265704	0.126459478612949	0	0	0	3.44013815594862e-05	0.00447217960272821	0.700474051037719	0.000206408289356917	0.00130725249925948	0.000612344591758754	0.000254570223539898	2.06408289356917e-05	0.0949753342093619	0.0638008022401744	0	0
78	0.00171170514968142	0.397261271759906	0	0	0	0	0.00207589773472215	0.496613008959697	0	0	0.00364192585038728	7.28385170077456e-05	3.64192585038728e-05	0.0852574841576444	0.0133294486124506	0	0
79	0.00361810177618538	0.230228218872751	1.87971082205407e-05	0	0	0	0.0179246320489259	0.553241686504353	0.0235715737085675	0.000298484547870293	0.00219407307659825	0.00061738516973639	0.00657898787717426	0.134441747478503	0.0272663118311151	0	0
80	0.00242485929828943	0.218057717638291	0	0	0	5.98730690933784e-05	0.00338282840378068	0.374326427972521	0.000119746138187157	0.00260447850556716	0.00993892946950801	0.00143695365825189	5.98730690933784e-05	0.360226320201689	0.0273619925757284	0	0
81	0.00659329287673633	0.028464989762759	5.91326715402038e-05	0	0	0	0.00928382943180679	0.549069030002858	8.13074233677802e-05	3.69579197126273e-05	0.000310446525585669	0.000376970781069099	6.65242554827293e-05	0.289432252436982	0.116225265912099	0	0
82	0.000964955175223173	0.262604726976522	1.30399348003618e-05	0	0	0	0.00390546047269906	0.363253463732339	0.00283618581906419	0	0.000541157294213915	0.000749796251018303	6.5199674001609e-06	0.300107579462216	0.0650171149145035	0	0
84	0.0219407753536333	0.206414426103568	0.000109190382051426	6.37091301754321e-06	0	2.64466569072327e-05	0.00911056265199727	0.506538628116848	0.00425272478801594	0.000925400650374108	0.00179837302165684	0.00175423723503551	3.50849026474217e-05	0.165200534707013	0.0818872445172341	0	0
85	0.000209363795765481	0.371385203213621	1.3085237235305e-05	0	0	0	0.00149171704483117	0.356468032765409	0.0234749156002016	0	0.00134777943524422	0.00349375834184065	1.3085237235305e-05	0.221009656905216	0.021080317186165	1.3085237235305e-05	0
87	0.000813362381990058	0.388206245461274	0	0	0	0	0.00380537400145092	0.316586782861545	0.035221496005816	1.45243282498653e-05	0.000842411038489989	0.000653594771241439	7.26216412491266e-05	0.243543936092619	0.0102396514160756	0	0
88	0.00135817215073283	0.42623487709008	0	0	0	9.63242660090803e-06	0.00430569469060749	0.336065731679209	0.0188602912845403	0	0.000520151036449233	0.00210950142560206	2.88972798027241e-05	0.198822917469497	0.0116841334668778	0	0
89	0	0.00885739592558813	0	0	0	0	0.000885739592558813	0.0150575730734798	0.000885739592558813	0	0.472984942427366	0	0	0.499557130203331	0.00177147918511763	0	0
90	0.0215872820069651	0.136462461258651	0	0	0	2.3129230721834e-05	0.00880452716142663	0.584606725980106	0.00117959076681224	2.3129230721834e-05	0.000454874870861836	0.000840362049559071	3.85487178697234e-05	0.144927759702696	0.101051609023608	0	0
91	0.0111410517026558	0.297514930900095	7.87910304291022e-06	0	0	2.36373091287707e-05	0.0150333286058325	0.474188058431673	0.00118186545643853	2.36373091287707e-05	0.00126065648687244	0.00404985896405457	0	0.151570305236439	0.0440047904946394	0	0
96	0.00206906308579566	0.308738402046649	1.17895332523334e-05	0	0	1.17895332523334e-05	0.00422654767097857	0.482233173388934	0.00176253522123519	0.000424423197084802	0.00116126902535389	0.000112000565897517	1.17895332523334e-05	0.170211386330957	0.0290258308673574	0	0
97	0.00326674542654689	0.492616260337531	0	0	0	0	0.00309669566461705	0.403187985536616	9.84498621701065e-05	0.000250599649159762	0.00450184369741572	0.000608599147960422	8.9499874700115e-06	0.0552930225897475	0.0370708481007647	0	0
98	0.00481133584096758	0.405355044601796	0.000132103151702934	0	0.000368498265276815	0	0.00157133222551921	0.479096414442759	6.95279745805651e-05	0.00108463640345945	0.00969915245397512	0.00257253505947871	2.7811189832186e-05	0.0693750130364651	0.025836595354187	0	0
99	0.00901372935889502	0.341121763121452	8.18685682007267e-06	0	0	0	0.00261979418242645	0.538310396489507	0.000352034843262554	0.000221045134142232	0.00304551073706875	0.00153094222535346	0	0.0610575781640086	0.0427190188870633	0	0
100	0.00861864644157288	0.472425718040991	0	0	0	0	0.00298959298441509	0.428675314041989	0.00105578418909308	0.000307039279481334	0.00509038805454948	0.00404537717351817	3.23199241558983e-05	0.0526976363361839	0.0240621835340496	0	0
101	0.021240611581454	0.369161634327984	0	0	4.87393565429879e-06	0	0.0068527535299484	0.458944403015842	0.000350923367110113	0.000774955769033457	0.000190083490517603	0.00279763906557221	4.87393565429879e-06	0.115872946245594	0.0238043017356355	0	0
102	0.0485188822934717	0.198047002889923	2.84693456320467e-05	1.42346728160733e-05	0	0	0.0287184524063515	0.509060369247656	0.000185050746608554	0.000355866820400834	0.0002135200922411	0.0012028298529531	2.135200922411e-05	0.134268551336878	0.079365418285844	0	0
103	0.0165896316693637	0.446331444652008	7.56481152271944e-06	0	9.83425497953228e-05	0	0.0197744173204387	0.374200966782633	3.02592460908378e-05	0.00026476840329533	0.00183068438849429	0.00678563593587547	0.00135410126257069	0.106406638878899	0.0263255440990129	0	0
105	0.00135625948232692	0.130223897752029	5.74686221323103e-05	0	0	0	0.220127810215683	0.195956507746386	0.00173555238839157	0.00241368212955503	0.00882718035951726	0.000632154843455413	0.0821686359247915	0.353558457082563	0.00294239345316909	0	0
106	0.031456941175679	0.292522301579757	3.3697883160243e-05	3.06344392365482e-06	0.000107220537328319	3.06344392365482e-06	0.00795247653366985	0.482282583241198	0.000287963728823713	8.86904393063356e-05	0.00309213573937359	0.0003761311598094	0.0478356768679736	0.10666814665353	0.0272797459042922	1.0161668252178e-05	0
107	0.00154696561723602	0.109970484672584	0.000155343827672396	0	0	7.11992543496646e-05	0.0966756420879095	0.155939312343965	0.000427195526098588	0.000498394780447852	0.00276382560066745	0.000330105633803591	0.0224018744821766	0.608514136289079	0.00069904722452378	6.47265948634315e-06	0
108	0.00384913432713952	0.42874258213187	1.01963823235391e-05	0	0.000249811366927009	5.09819116177956e-06	0.0430134388318627	0.259319493443529	0.0525827436425651	0.00186083977404639	0.00974264331016034	0.00121846768766923	0.00574056324815673	0.181281481330631	0.0123835063319576	0	0
112	0.00334968414930007	0.263187134598663	1.63399226795394e-05	0	0	0	0.0178922153339911	0.587727410873786	0.0116863127003638	9.80395360769363e-06	0.0103399030715324	0.00158824048444831	0.0140654054424766	0.0731538338361131	0.0169837156330379	0	0
113	0.00207503762544346	0.299748616983453	8.2017297448053e-06	0	0	0.000110723351554611	0.0298419936764738	0.246703929858265	0.0450151937043576	0.000155832865151861	0.00664750195816372	0.00112773783991123	0.0919290878445967	0.267663450222068	0.00897269234081556	0	0
114	0.00434544957638096	0.547362667395292	0	0	0	0	0.0201421153319706	0.284312653730811	0.0286417053839223	0.00183110139382732	0.0197868270019517	0.00407215086089644	0.00948346542771405	0.0716315933315072	0.00839027056572594	0	0
115	0.0363871245559745	0.272903434169809	3.58847382207749e-05	0	0	0	0.0411597947392712	0.448379804069686	0.00330139591631769	0.0218538055763847	0.0419851437182706	0.00667456130906532	0.00118419636128917	0.115118240211919	0.0110166146337923	0	0
116	0.0323837037821358	0.261489710875872	7.56275193417523e-06	0	0.000226882558025157	7.56275193417523e-06	0.0246167575457355	0.569187836069733	0.00233689034765992	0.000151255038683105	0.00358474441680628	0.00139154635589176	0.00161842891391292	0.0797870329056402	0.0232100856860363	0	0
117	0.00617020964021809	0.442940251802863	1.46909753338955e-05	0	0	0	0.0115177246616964	0.45297418795686	0.00364336188279887	0.000587639013354818	0.00948302457799707	0.00349645212945892	0.00576620781853822	0.0402679633900876	0.0231382861507929	0	0
118	0.0171707003195706	0.278576321141892	5.18909045622331e-06	0	0	0	0.00730105027190546	0.640172900494532	0.000383992693759845	0.000472207231516701	0.00197185437336326	0.000690149030676641	0.000103781809124066	0.0145242641870249	0.0386275893561783	0	0
119	0.00637856329517046	0.331596563265536	1.97173517625153e-05	0	0	1.97173517625153e-05	0.0113818413048681	0.483434959850648	0.000236608221150184	0.000345053655843769	0.00297732011613532	0.00333716178579785	0.0201067694597774	0.0868007117963518	0.053365012545196	0	0
120	0.0229032229436484	0.288872730761295	9.24934680013061e-06	0	0	1.15166013083972e-05	0.0219764299295649	0.549207977987409	0.000190680848208253	0.000458371330233197	0.00404521355287152	0.00200893865537297	0.00123346223857904	0.0406267921511413	0.0684554136535677	0	0
122	0.00351386651286061	0.339857191160896	1.98898104500903e-05	0	0	0	0.00401774171092383	0.460707679455937	0.000397796209002805	0.00052376500852011	0.000550284755786964	0.00199561098182999	2.65197472668537e-05	0.161624599717466	0.0267650549290593	0	0
123	0.0225028870708463	0.285348318992916	8.13259380946183e-06	0	0	8.13259380946183e-06	0.00903937801922282	0.544664205201574	2.84640783332264e-05	4.47292659520701e-05	0.000304972267854569	0.000731933442851965	3.25303752378873e-05	0.095045623851225	0.0422406922463672	0	0
124	0	0.5	0	0	0	0	0	0.5	0	0	0	0	0	0	0	0	0
125	0.0256022160146506	0.412288596173526	5.84392056943021e-06	0	0	0.000181161537652627	0.00284598931731384	0.493565843453023	5.84392056943021e-06	0.0010986570670498	0.00520693322736001	0.000929183370539214	1.16878411388404e-05	0.0265080237028637	0.0317441765331738	5.84392056943021e-06	0
126	0.0160969851758343	0.181137290648686	1.26020238850039e-05	0	0	2.10033731417732e-05	0.0132615298017085	0.690179242786654	9.66155164518967e-05	0.000403264764320126	0.0037343997445915	0.000915747068978952	2.52040477701078e-05	0.0479843062795506	0.046131808768427	0	0
127	0.0959126917854498	0.212214727089436	1.08917433324153e-05	0	0	3.63058111081175e-06	0.00401905328967503	0.63815450300951	2.17834866649305e-05	4.3566973329761e-05	0.000392102759967149	0.000341274624416945	2.17834866648305e-05	0.0207342487238686	0.0281297424465743	0	0
128	0.112549919839721	0.213803222070285	0	0	8.24269799990628e-06	2.47280939997789e-05	0.00433978049695529	0.64341676317525	2.06067449998157e-05	0.000663537188992766	0.00132295302899187	0.000160732610997863	3.70921409996683e-05	0.0110040018299006	0.0126442987319065	4.12134899995314e-06	0
129	0.0565910896534798	0.312053616900168	0	0	0.0002118600908556	2.85196276151653e-05	0.0142801849701441	0.594418301452186	2.03711625822038e-05	4.07423251645076e-05	0.000741510317994099	0.000183340463240634	1.22226975493423e-05	0.0100959481757717	0.0113222921632482	0	0
134	0.0146570161553065	0.455672494834201	0	0	0	0	0.00367331649730162	0.460264140456203	1.20832779516053e-05	0	0.00079749634480835	0.00959412269360422	0	0.0278277891226123	0.0275015406180121	0	0
135	0.00940465336170086	0.403817580117309	8.44223820619639e-06	0	0	8.44223820619639e-06	0.0126886840239023	0.528813358997327	0	0	0.00399317867152845	0.00292101441934707	1.68844764124328e-05	0.016462364502037	0.0218653969540235	0	0
136	0.049596943048568	0.186697375767879	0	0	8.72417643773436e-06	1.74483528754887e-05	0.00857586543829446	0.692115089335553	0	8.72417643773436e-06	0.00193676716917875	8.72417643773436e-05	8.72417643773436e-06	0.0147787548854904	0.0461683417084702	0	0
138	0.0676746784224559	0.359449544054766	0	0	0	1.50975300440902e-05	0.001532399299479	0.548848058457642	0	0.000113231475330926	0.000113231475330926	0	2.26462950660852e-05	0.00345733438009775	0.0187737786097878	0	0
139	0.0750366162065079	0.237546688830702	1.01359740924828e-05	0	0	0	0.00580284516793564	0.63611853008088	0	0.000172311559571308	0.00112509312425789	0.000967985525829256	2.02719481848656e-05	0.0105160731208747	0.0326834484611636	0	0
140	0.0621140308714217	0.170553483533159	6.0842424205484e-06	0	0	0	0.00877347757043631	0.712422197749948	6.0842424205484e-06	0	0.000328549090709854	4.86739393644672e-05	0	0.00190436787762893	0.0438430508824911	0	0
141	0.0609461634770502	0.337573779287958	5.58934001073338e-06	0	0	1.67680200321801e-05	0.00190037560365175	0.554831425505422	5.58934001073338e-06	0	0.000631595421212052	0.000558934001073338	5.58934001073338e-06	0.000732203541405732	0.0427919871221629	0	0
142	0.0414326572626755	0.412180671465638	0	0	0	0	0.00527757566816158	0.520585562779727	0	3.35297056427077e-06	0.00206207689701802	0.00501269099358429	3.35297056427077e-06	0.000321885174169593	0.0131201738178968	0	0
143	0.0820334162814581	0.169086384642913	0	0	0	4.26590828296782e-05	0.00875933167435553	0.677156061144654	0	0	0.00031283327408384	0.00651261997866668	0	0.000383931745467803	0.0557127621755716	0	0
144	0.0468374571510687	0.318891962025633	0	0	0	1.06788547996234e-05	0.00341723353587148	0.569962517220036	1.06788547996234e-05	0.000277650224790808	0.00166590134873885	0.00230663263671225	4.27154191984935e-05	0.00492295206261947	0.0516536206657309	0	0
146	0.0524172333834008	0.213449209844202	0	0	0	9.74298018277993e-06	0.00243574504569498	0.668124866034041	0	0	0.000204602583838539	1.94859603655799e-05	0	0.00168553557162001	0.0616535785966543	0	0
147	0.0583831947573812	0.273732742766912	0	0	0	2.59020384903917e-05	0.00494728935166841	0.624472245965799	0	0.0003108244618859	0.000699355039240775	0.000880669308673717	0	0.00282332219545909	0.0337244541144892	0	0
148	0.0212544761465107	0.000346540371954174	0	0	0	0	0.0264525817258133	0.000693080743908348	0	0.136767933464069	0.687882638327345	0.0958761695738481	0	0.0304955527319153	0.000231026914636116	0	0
149	0.0155574636531934	0.396460640635549	4.85109561994947e-06	4.85109561994947e-06	0	5.82131474394336e-05	0.00479288247251324	0.534459757736354	4.85109561994947e-06	0	0.00686430030223255	0.00546233366806992	3.88087649595558e-05	0.00704864193578729	0.0292424043970414	0	0
150	0.0206753423976434	0.489619684574708	1.42147421090477e-05	0	0.00049751597381617	0	0.00301352532711091	0.452597388751975	0	0.0015778363741052	0.00716423002295765	0.00340443073512198	0.000127932678981529	0.002039815492651	0.0192680829288196	0	0
151	0.0482892585825663	0.362911818443636	1.15395711126003e-05	0	0	7.69304740840356e-06	0.00573901336667363	0.553383979229219	0	0.000392345417828811	0.00414270602942592	0.00163861909799045	1.92326185210339e-05	0.00149629772093398	0.0219674968746834	0	0
152	0.0996168207472335	0.319101427039656	1.36989518344794e-05	0	0	9.78496559606244e-06	0.00736220811447185	0.542016642269181	1.95699311920849e-06	5.87097935762546e-06	0.000757356337135205	0.000665377660532286	1.76129380729164e-05	0.00210181061002696	0.028329432393783	0	0
153	0.0506853549791619	0.195118220148511	9.56086927425779e-06	0	0.000210339124032731	3.1869564247526e-06	0.0109248866240394	0.689039100768393	3.1869564247526e-06	0.000962460840274104	0.00257506079119338	0.000178469559786105	3.50565206721886e-05	0.0193480124545986	0.0309071034072139	0	0
154	0.0606827154354088	0.195322886748542	2.02977682603579e-05	0	2.53722103254973e-06	2.79094313580171e-05	0.0056960612180623	0.631643713273803	0	2.28349892929776e-05	9.38771782043303e-05	6.59677468462131e-05	2.02977682604579e-05	0.0144545482224612	0.0919387413353696	7.6116630976392e-06	0
155	0.0127314364303942	0.382773474497824	0.000347073553643841	0	0	0	0.00228354936228895	0.547419329726749	3.24367807143851e-06	0.00091471721614558	0.0141813605282935	0.00301662060643862	1.62183903571926e-05	0.0082778664383062	0.0280351095714871	0	0
156	0.0103836360142478	0.407560215880296	4.00371544793517e-06	0	0.000244226642324505	0	0.00385557797636474	0.537388696710572	2.4022292687671e-05	6.00557317190274e-06	0.00878014797733279	0.00263444476474722	3.00278658594637e-05	0.00586143941578612	0.0232275551711627	0	0
157	0	1	0	0	0	0	0	0	0	0	0	0	0	0	0	0	0
158	0.0232047087283281	0.413236541822222	8.86098662654885e-06	0	0	1.10762332831736e-05	0.00685840364895219	0.522514659395315	4.43049331327943e-06	9.3040359578898e-05	0.00222632288992399	0.000522798210966712	1.77219732531377e-05	0.00742107629974329	0.0238803589584938	0	0
159	0.0231112626212942	0.378499074705327	6.49329567221787e-06	0	0.000172072335313514	6.49329567221787e-06	0.00252913866432668	0.556171877536529	0	1.62332391805447e-06	0.00221259050030951	0.000683419369501021	8.11661959027234e-06	0.00103892730755046	0.0355589104249956	0	0
160	0.0405139969005283	0.300739058960161	1.41311464599488e-05	0	0	0	0.00595863342392343	0.60228830364982	0	0	0.00369764999034162	0.00132832776723519	2.82622929197977e-05	0.0150826436548954	0.0303489922137151	0	0
161	0.0187904362820053	0.508363586345144	4.91253236131139e-06	0	0	4.91253236131139e-06	0.00181763697368052	0.438477900973124	0	0	0.00974155167248276	0.00217625183606062	1.47375970839042e-05	0.00193062521799055	0.0186774480377053	0	0
162	0.0603963150376254	0.30348338887212	6.42022719241694e-06	3.67017230613931e-06	0	1.37554231180519e-05	0.00385415675432508	0.603863199056157	0	0.00118847164660332	0.00606414324841577	0.000274265575240651	2.93613784491145e-05	0.00219423787303461	0.018628614735412	0	0
163	0.0900352070889294	0.194909806559132	9.8896317101077e-06	0	0	4.94481585505385e-06	0.0051426084892608	0.668049566833814	1.48344475651715e-05	0.000232406345188421	0.00180980260295413	3.95585268403908e-05	5.43929744055623e-05	0.0130938723841944	0.0266031093001503	0	0
164	0.0539401788551208	0.403083662806352	3.41717952835449e-06	0	0	0	0.00898718215958591	0.485304419438442	3.41717952835449e-06	3.41717952835449e-06	0.00378965209695561	0.000546748724537918	2.39202566984214e-05	0.0029866149077831	0.0413273692159389	0	0
165	0.0174568226840155	0.405805773241154	0	0	0	0	0.00269549608165396	0.512823938793786	0	0.000395029598173925	0.00547232178647003	0.00622752543003812	1.1618517593386e-05	0.0230046648348804	0.0261068090322348	0	0
166	0.0274852007134692	0.409894785879339	1.13622160866344e-05	0.000105100498800818	0	5.68110804331719e-06	0.00313029053186647	0.525513856222284	0.000113622160866344	0.000156230471190973	0.00276101850905036	0.00410460056129492	1.4202770108243e-05	0.00333481042141909	0.0233692379361802	0	0
167	0.0238702722127119	0.382139969454516	4.49195939268857e-06	0	0	4.49195939268857e-06	0.00564639295661397	0.546083011409696	0	8.98391878537713e-06	0.0151199353158304	0.00267720779804471	4.49195939267857e-05	0.00188213098553799	0.0225181924355517	0	0
168	0.0156515873867477	0.417569839396307	0	0	0.00018906586134902	0	0.00536538255177597	0.51942012989333	0	0	0.00710785440905609	0.00479818496773191	2.04395525781751e-05	0.00777724975599503	0.0221002662251293	0	0
169	0.0264211321649435	0.353957836412292	1.18520274374518e-05	0	5.92601371871592e-06	8.88902057807889e-06	0.0117394331768208	0.526967806930541	5.92601371871592e-06	5.92601371872592e-06	0.00120001777803875	0.00554082282699324	2.96300685936296e-06	0.0199884442732776	0.0541430243410619	0	0
170	0.0403617870648178	0.232658331247103	2.63501139642116e-05	0	0	1.31750569821058e-05	0.00515144728001227	0.614392432247271	6.5875284910629e-06	1.31750569821058e-05	0.000421601823428186	0.00117916759990052	7.2462813401632e-05	0.0349929513446154	0.0707105308230312	0	0
171	0.0898345810910085	0.289544651190404	1.1914927418212e-05	0	0	3.97164247274732e-06	0.00314156919594112	0.572055523561941	3.17731397819986e-05	4.36880672002105e-05	0.000917449411203221	0.00125106737891576	3.97164247273732e-05	0.00897591198840034	0.0341481819805857	0	0
172	0.0888916027410893	0.326750979117031	2.84007804534291e-06	0	0	0	0.00330017068868643	0.54240946541211	0	0.000232886399718679	0.00161316432976022	0.0020448561926545	1.98805463173604e-05	0.00314964655228651	0.0315845079423007	0	0
173	0.0649390994676967	0.253342425792155	3.78852455911316e-06	0	0	3.78852455911316e-06	0.00380746718191093	0.630145289916958	0	0.000556913110189315	0.00181091473925441	0.00189805080411213	2.65196719137721e-05	0.00303081964729253	0.0404349226193989	0	0
174	0.00374224861598657	0.712756896762501	5.83359098360342e-06	0	0	8.75038647540512e-06	0.000714614895491118	0.237677997445199	1.16671819672468e-05	0	0.0337531574312357	0.00373641502500085	1.16671819672468e-05	0.00146131454138872	0.00611943694180386	0	0
175	0.0120407547519651	0.445605403021572	0	0	0	0	0.00230231856476561	0.48655975120139	0	2.32088564995936e-05	0.00793742892287523	0.00213521479797182	2.32088564995936e-05	0.00607143686029786	0.0373012741661636	0	0
176	0.130583149450043	0.0586184550518193	0	0	0	8.2029743985227e-06	0.00180465436767059	0.763418015372251	0	0.00328118975941108	0.00839984578408276	0.000803891491054264	8.2029743985227e-06	0.00189488708606062	0.0311795056888103	0	0
177	0.0402065256731456	0.361519219251278	0	0	0	3.20294158155233e-06	0.0123729633295534	0.52822912562868	0	0	0.00662688613222202	0.00250149737519462	6.40588316309466e-06	0.00266805033743234	0.0458661234477494	0	0
178	0.0881908777868908	0.196863692074203	0	0	0	0	0.00428242091747441	0.609150665343627	0	0.000222510797245229	0.00828396754990853	0.00120739465390124	7.29543597526751e-06	0.00714223181978735	0.0846489436209872	0	0
179	0.141099691231035	0.192764450586048	0	0	0	0	0.00543044069700136	0.615064884590154	0	0	0.00182993975774046	0.00131172672900033	0	0.00130632867661033	0.0411925377324103	0	0
180	0.0535191496930445	0.340310260120647	0	0	0	0	0.00303337675884685	0.538595032184441	0	0	0.00316797984798671	0.00121142780226874	9.61450636719003e-06	0.00136045265095859	0.058792706435439	0	0
181	0.0502599290378213	0.258994885199525	0	0.000201073228356268	0	8.3780511815195e-06	0.00308312283479478	0.572740334870576	0	0.000134048818904512	0.00835291702797234	0.000410524507893255	0.000238774458673006	0.00483832455732801	0.100733498381383	4.18902559075975e-06	0
182	0.0475453557670324	0.220961383616686	5.98657211873021e-06	0	0	0	0.013763129300962	0.61663488794619	0	5.98657211874021e-06	0.00544179405592842	0.000736348370604836	1.79597163562106e-05	0.0032746549489502	0.0916125131330526	0	0
183	0.0721103195705703	0.144891636983947	6.27100787638527e-06	0	0	0	0.00576305623840635	0.664921236141382	1.25420157527905e-05	0	0.000382531480459011	6.89810866402479e-05	2.50840315055811e-05	0.00326719510359883	0.108551146339861	0	0
184	0.062553796808924	0.160153666337062	0	0	0	0	0.00768331687340295	0.72952550082028	0	0.00116880645834045	0.00708532287146272	0.00106008027616041	0	0.000960414609175369	0.0298000344300114	9.06051518089348e-06	0
185	0.0409574126756226	0.278586554297841	1.71119334346084e-05	0	4.2779833586421e-06	0	0.0102372141772788	0.573459391243465	0	8.5559667172842e-06	0.00164274560972081	0.000847040705011916	2.99458835105647e-05	0.00263523774892129	0.0915745117751175	0	0
186	0.0761225144974666	0.290640734404038	1.21913059733365e-05	0	0	0	0.00767645899453974	0.517866358904224	4.06376865777549e-06	7.72116044977644e-05	0.00520162388195423	0.00111753638088751	1.21913059733365e-05	0.00190184373183689	0.0993672712199508	0	0
187	0.0636245007709903	0.269089327375395	1.31809614193668e-05	0	5.27238456773673e-05	0	0.00512739399212059	0.6007223166861	1.31809614193668e-05	0.00176624883018655	0.0157117060118084	0.00697272859082594	0	0.00471878418811512	0.032187907785942	0	0
189	0.0882938102123734	0.2377355891736	0	0	0	3.82605235569759e-06	0.00919017775839047	0.597461031657136	0	1.14781570670828e-05	0.00195128670140507	0.00534116908855012	1.14781570670828e-05	0.00309910240811335	0.0569010506339415	0	0
190	0.0857322474874208	0.284266191129451	1.23267070435068e-05	0	0	0	0.0149933846672461	0.516924568770956	0	0.000172573898608895	0.00355420053087213	0.0021037580020913	5.7524632869565e-05	0.00466771306713631	0.0875114022039571	4.10890234782894e-06	0
191	0.144627460824936	0.146225367614935	4.82751296186786e-06	0	0	0	0.00357235959177842	0.616521680360727	0	0	0.000690334353547694	0.000728954457242677	0	0.00120205072750947	0.0864269645563617	0	0
192	0.177411818920693	0.0324562694810974	6.40036866123598e-06	0	0	1.2800737322492e-05	0.00738602543506257	0.661682912935652	6.40036866123598e-06	0	0.000217612534482063	5.12029492898679e-05	6.40036866123598e-06	0.0074948317023031	0.113267324198114	0	0
193	0.158837354822133	0.206477114906173	0	0	0	0	0.00148802710499125	0.614700181615516	0	0.000152618164614128	0.000618103566687519	0	0	0.00115989805107097	0.0165667017688139	0	0
194	0.166328893165019	0.108368163093173	1.20275430736636e-05	1.80413146104954e-05	0	0.000114261659199604	0.00607992302372214	0.644147096852366	0	0.000102234116125541	0.000745707670564943	6.01377153682179e-06	2.40550861473272e-05	0.00641068045826389	0.0676429022461976	0	0
195	0.107867585359033	0.174470825996053	5.90925744271178e-06	0	0	1.18185148854036e-05	0.00206233084751062	0.619904742770187	0	0.00023046104026607	0.00200914753052061	0.000271825842364082	0	0.00388829139731117	0.0892770614444269	0	0
196	0.0783456778764154	0.215782055732042	4.18222804017082e-06	0	0	0	0.00707632984396139	0.649600388111128	0	0.000250933682410049	0.000388947207736076	0.000171471349647034	8.36445608034164e-06	0.00171053126843034	0.0466611182441092	0	0
197	0.217839471404915	0.00136267010664947	1.8168934755393e-05	0	0	0	0.0118885396415954	0.676974508984738	0	1.21126231701953e-05	0.000605631158511765	0	2.42252463403906e-05	0.00819418957465683	0.0830804823246679	0	0
198	0.129857526205751	0.13578565206502	1.1692555934232e-05	0	0	0	0.00537857572976473	0.658396132102271	0	0.000701553356055921	0.00218066168173973	2.92313898356301e-05	4.09239457698621e-05	0.00308683476663846	0.0645312162012192	0	0
199	0.238784162002093	0.0906733618703351	0	0	0	0	0.0069764570299727	0.624876522884242	0	0	0	0	2.0579519262408e-05	0.00559762923938217	0.0330712874547128	0	0
200	0.200552595224218	0.192500493388209	0	0	0	0	0.00785474639826851	0.56246299585561	0	0.00461811722913501	0.0100256562068109	3.94710874285428e-05	0	0.000828892835997898	0.0211170317743229	0	0
201	0.154425461706024	0.163659588057026	0	0	0	0	0.00785033796371123	0.615014103997097	0	0.000452392357231071	0.00303368992496048	0.000212890521050033	0	0.000931396029592146	0.0544201394433085	0	0
202	0.0474473443224145	0.0398542429792122	0	0	0	0	0.00845161782661258	0.858955280830262	0	0.000114468864469035	0.000171703296703052	3.81562881563117e-05	3.81562881562117e-05	0.00209859584860064	0.0428304334554131	0	0
203	0.0671795390897318	0.247342848466117	0	0	0	0	0.0116239835341055	0.636349832979301	0	0	0.000151837230489072	0.00129905186085061	1.6870803387708e-05	0.0019064007828009	0.0341296352532162	0	0
204	0.0265688524835738	0.674692830460335	0	0	0	0.00117016967459885	0.00151521970685851	0.275890004050728	0	0.00186026973910817	0.0094363682734007	0.00100514574612901	1.50021753153852e-05	0.0031504568162269	0.00469568087372537	0	0
205	0.0587925451981623	0.621868657918601	0	0.000170413174487891	0	0	0.00494198206013683	0.291762846829813	0	1.54921067715901e-05	0.00765310074516509	0.00131682907558916	1.54921067715901e-05	0.00422934514863729	0.00923329563586408	0	0
206	0.0190652112134927	0.738377827184803	0	0	0	0.00129553166948122	0.00264957122080945	0.220440982263348	2.50748065060526e-05	0	0.00757259156483607	0.00249912238176854	8.35826883535751e-05	0.00355226425502495	0.004438240751577	0	0
207	0.0851445626500203	0.258601431893062	3.66213172688087e-05	1.83106586344044e-05	0	0	0.0129639463131031	0.617929796935147	1.83106586344044e-05	0	0.00029297053815007	0.000146485269075035	3.66213172688087e-05	0.00108032885943026	0.0237306135902057	0	0
209	0.0541870766634638	0.264513558487879	0.000257810485855634	0	0	2.34373168959304e-05	0.00140623901375982	0.628635713783411	0	0.00112499121100586	0.0023906063233937	2.34373168959304e-05	2.34373168959304e-05	0.00175779876719978	0.0456558933133436	0	0
210	0.052649680827633	0.388248404138243	0	0	0	0	0.00740149680827464	0.51096467092232	0	0.000371450583315233	0.0020773717807613	6.87871450584431e-05	0	0.00160961919437101	0.0366085186000229	0	0
211	0.0936872848309005	0.195271582176001	0	0	0	1.63161415588001e-05	0.00435640979621002	0.663887483888003	0	0	0.00168056258056001	0.000897387785736005	0	0.00153371730653001	0.0386692554945002	0	0
212	0.0506465791010902	0.318106755417939	0	0	0	0.000368384949568929	0.00461116333426911	0.601839384161884	0	0	0.000749472828433855	0.00280734737429946	0	0.000508117171819902	0.0203627956606961	0	0
213	0.0588689939456113	0.266182532526051	0	0	0	0	0.00750354244493144	0.638380780626123	0	0	0.00655352312250126	0.0015779981965703	3.22040448280062e-05	0.00193224268968037	0.0189681824037036	0	0
214	0.0931838492159932	0.306783654236977	0	0	0	0	0.0082541229994294	0.575643837841957	0	0	0.000324965472418976	0.000211227557071984	1.62482736208988e-05	0.000568689576731958	0.0150134048257989	0	0
215	0.0676041980399288	0.35318444037715	2.31679911034099e-05	1.15839955517049e-05	0	0.000254847902138109	0.00177235131942075	0.555661098626237	0	0.00243263906587104	0.00183027129717078	0.000335935871001143	0	0.00179551931052076	0.0150939462039064	0	0
216	0	0.027027027027027	0	0	0	0	0	0.432432432432432	0.027027027027027	0.108108108108108	0.351351351351351	0	0	0.027027027027027	0.027027027027027	0	0
217	0.126733217328056	0.0898250755564399	1.83166956681081e-05	1.83166956681081e-05	0	0	0.00721677809323321	0.730469823243325	0	1.83166956681081e-05	0.000274750435021122	0	0	0.0222364685411099	0.0231889367158103	0	0
218	0.180379058567937	0.127823520272955	3.10703743979891e-05	0	0	0	0.00298275594220895	0.638138884573775	0	7.76759359949727e-05	0.000590337113561792	9.32111231939672e-05	0	0.000108746310392962	0.0497747397855825	0	0
219	0.140429701168925	0.146434320105922	0	0	0	0	0.0020435299880989	0.686528098537632	0	0.000139967807403925	0.00153964588144917	0.00131569738959929	0	0.000755826159981595	0.0208132129609888	0	0
220	0.0858426440869621	0.143961788332937	0	0	0	0	0.00283915359820875	0.721128313041682	0	0.00160328673780929	0.00275564908061878	0.00115236234279949	0	0.00088514788650061	0.0398316548924824	0	0
221	0.113198215149989	0.140089242514125	0	0	0	3.22563303048106e-05	0.0052685339497874	0.712273533680472	0	0.000494597064674429	0.000752647707111914	0.000225794312134174	0	0.00272028385571486	0.0249448954356869	0	0
222	0.171863576856986	0.0903310267439924	0	0	0	0	0.00629919921111947	0.673436251423944	0	0	7.65084924425935e-05	6.80075488378943e-05	0	0.000867096247682927	0.0570583334749952	0	0
223	0.0647183058394049	0.286808607797338	1.14161767224003e-05	0	0	0	0.00471488098636422	0.592796392488053	1.14161767224003e-05	0.000833380900736121	0.00258005593926827	0.00228323534448006	0	0.00270563388321097	0.0425366744676993	0	0
224	0.144476066207435	0.0560253156753501	0	0	0	0	0.00386310630733795	0.736260800772284	0	0	0.000113016407927892	0.000133564845732509	0	0.00174661721342743	0.0573815125705048	0	0
225	0.111732427853716	0.108580911011291	0	0	0	0	0.0213842968003425	0.710443931586811	2.7889529573393e-05	0.000522928679500993	0.00214749377714216	1.39447647866465e-05	7.66962063267055e-05	0.0070351338348772	0.038034345955633	0	0
226	0.140429451987999	0.193365738209999	0	0	0	0	0.00379721238175997	0.635265392939996	0	0	0.00136310188062999	0.000344520255543998	7.48957077269995e-06	0.0102457328169999	0.0151813599562999	0	0
227	0.174486166824955	0.272941565691929	2.06773913403946e-05	0	0	0	0.00304991522269921	0.515559736983865	0	0	0.00248128696083935	0.00535544435713859	2.06773913402946e-05	0.0136160621975965	0.0124684669782967	0	0
228	0.134761237935047	0.407516705356143	0	0	0	0	0.00575171752677201	0.426256778474149	0	0	0.005714124601752	0.00773474432112271	0	0.00364651372612128	0.00861817805889302	0	0
232	0.0970690566218814	0.131422375635198	6.86242888807701e-06	0	0	0	0.0338592241337339	0.680773532984802	0	0.00013724857776174	0.000535269453269987	3.43121444404351e-05	1.3724857776174e-05	0.0234626443683986	0.0326857487938491	0	0
233	0.0558461513751596	0.198837140822172	5.35386361568047e-06	0	0	0	0.0119284081357247	0.622729292594657	0	0.000123138863160111	0.000760248633425467	0.000219508408242719	1.07077272314009e-05	0.059128069771408	0.0504119798052036	0	0
234	0.0576847096008107	0.185776372975073	1.43673000251941e-05	0	0	0	0.026967422147146	0.525541467619895	0	0.00184619805323479	0.00150138285262973	7.18365001257703e-06	1.43673000251941e-05	0.166014151790608	0.0346323767105398	0	0
235	0.0284883720929827	0.00807113543091508	3.41997264021792e-05	0	0	0	0.00742134062926548	0.861935704514475	0	0	3.41997264021792e-05	3.41997264021792e-05	3.41997264021792e-05	0.00636114911080613	0.0875854993159467	0	0
236	0.0356269426781115	0.0119440193124038	4.73342905380153e-05	0	0	0	0.0335600119913108	0.803515359977259	0	1.57780968460051e-05	0.000347118130612112	0.000205115258998066	6.31123873839203e-05	0.0199119582196064	0.0947632496569305	0	0
237	0.02078795259248	0.225871739018783	3.4303552132767e-05	0	0	0	0.00445946177726571	0.683738401111343	0	0.000102910656397901	0.00283004305095728	0	0	0.00234979332109774	0.0598253949195425	0	0
238	0.057861605452508	0.273617947747038	0	0	0	0	0.00276883756153038	0.623059447179086	0	2.36652783037033e-05	0.00132525558501018	0.000354979174555049	2.36652783037033e-05	0.00295815978796041	0.0380064369557052	0	0
239	0.0494919423594842	0.274421009965912	0	0	0	0	0.0178763609934943	0.552559855758823	0	0.000726794973933768	0.00177505695556943	0.000419304792653866	1.39768264217955e-05	0.00817644345673739	0.0945392539169698	0	0
240	0.0709159333509846	0.269351837602942	0	0	0	0	0.00572196029602876	0.576882720798875	0	0.000237832090543948	0.00159487401893965	0.000629555533792863	0	0.00239231102840948	0.0722729752794843	0	0
241	0.0163206320150103	0.482990510140303	0	0	0	0	0.00868057228190545	0.456370730767287	0	0	0.00441254395684277	0.00708126595693445	9.63437545161606e-06	0.00122356568235077	0.0229105448239144	0	0
242	0.0567221455674903	0.253320110382957	1.07795791651982e-05	0	0	1.07795791651982e-05	0.0130325112107978	0.554350638150905	2.15591583304963e-05	1.07795791651982e-05	0.000711452224904879	0.000420403587443928	3.23387374956945e-05	0.0489500689892916	0.0724064332528876	0	0
243	0.0809817505913545	0.369635011828792	0	0	0	0	0.00456235214598744	0.491002027711724	0	0	0.000464684014869739	0.00126732004055929	4.22440013517763e-05	0.0057029401824868	0.046341669482874	0	0
244	0.138747099768051	0.288805104408107	0	0	0	0	0.0167633410673062	0.533294663573197	0	0	0.00179814385151067	0	0	0.00156612529002058	0.019025522041807	0	0
245	0.07836191016015	0.394643616267748	0	0	0	0	0.0029757687402581	0.495252940342684	0	0	0.00425109820036729	0.00269236219356828	0	0.000425109820037729	0.0213971942751864	0	0
246	0.0262086004273288	0.502737713675982	0	0	0	0	0.00237045940170789	0.410657051281382	0	0	0.00904780982905759	0.0021367521367519	3.33867521366985e-05	0.0088141025641116	0.0379941239315423	0	0
247	0.0702382591930405	0.206720837350119	0	0	0	0	0.00688610384244397	0.646398567690373	0	0.000275444153698159	0.00144608180691083	0.00206583115273119	0	0.000688610384245397	0.0652802644264377	0	0
248	0.030159065315322	0.446755349099326	0	0	0	0	0.00267454954955195	0.49303209459436	0	0	0.00200591216216146	0.00348395270270254	0	0.000985360360360719	0.0209037162162153	0	0
249	0.0439434027377941	0.335557344989955	0	0	0	0	0.00138042102840981	0.52594041182593	0	0	0.0563671919935924	0.00195559645691974	0	0.000460140342803938	0.0343954906245954	0	0
250	0.0231769361221614	0.503733896641033	0	0	0	0	0.00389753354556808	0.426527029841325	0	0	0.00249918181547488	0.00214215584184704	0	0.00163636904584843	0.0363868971467415	0	0
251	0.0816379146070517	0.0217237784578138	0	0	0	7.84656600643497e-05	0.0143255876517091	0.700014572194443	0	0.000156931320129099	0.001580522581301	7.84656600644497e-05	1.12093800092071e-05	0.00767842530630486	0.172714127181109	0	0
252	0.0860556038228831	0.0766434984071849	7.24008108890858e-06	0	0	0.00273675065160946	0.00961482768606811	0.720438748913858	0	7.24008108890858e-06	5.79206487111886e-05	0.00413408630176919	1.44801621777972e-05	0.00301911381407941	0.0972704894294809	0	0
253	0.0260744811672017	0.27259408826611	0	0	0	7.59082421169516e-05	0.00362082314897355	0.646631951297241	0	0.000227724726351255	0.00163961802972783	0.000402313683220283	1.51816484233503e-05	0.00344623419210952	0.0452716755985246	0	0
254	0.0824460194495087	0.0591176308994062	1.09884072304012e-05	0	0	2.19768144608023e-05	0.00593373990440063	0.766331520246081	0	0.000395582660293042	0.00243942640514026	0.000604362397670064	1.09884072304012e-05	0.00320861491127034	0.0794791494973084	0	0
255	0.0710317598966531	0.393068026973294	0	0.000122287830614091	0	0.000244575661228183	0.0218545822997163	0.460457356486344	8.73484504385653e-06	0.000262045351315196	0.00564270989833422	0.00766919394850573	0	0.000821075434122613	0.038817651374829	0	0
256	0.0495487545154258	0.202619224116135	0	0	0	0.000423594196759742	0.0504077094144043	0.621389153635778	0	0.000741289844329298	0.00214150399473175	0.00471836869168726	1.17665054655206e-05	0.000564792262345989	0.0674338428229371	0	0
257	0.108237230636082	0.0461694418516348	0	0	0.000301105055554227	0	0.00624291148515471	0.747483263577563	0	0.000562062770367424	0.00155570945370117	0.00165607780554125	1.00368351851076e-05	0.00111408870555084	0.0866680718236653	0	0
259	0.0305546355702753	0.547718992860556	0	0	0	0.000169448445310863	0.00653916954856472	0.351451479977715	7.70220205956377e-06	0	0.00214121217255827	0.00325803147118736	1.54044041190875e-05	0.0193864425839843	0.0387574807636686	0	0
260	0.0307960488087803	0.532248692620659	0	0	0	0	0.00987797791980368	0.339337594421783	0	0	0.0040674026728574	0.00290528762346814	0	0.0197559558396874	0.0610110400929609	0	0
261	0.00787949015063699	0.591888760139269	0	0	0	0	0.00154499806875726	0.321127848590023	0	0.00262649671688233	0.01066048667436	0.00370799536500741	0	0.0216299729625015	0.0389339513325628	0	0
262	0.0149660688318222	0.639663111972951	0	0	0	0	0.000605913717886901	0.297988366456443	3.0295685894345e-05	0	0.00124212312167185	0.00333252544838495	9.08870576831351e-05	0.0137845370819205	0.0282961706253421	0	0
263	0.0589383294302295	0.487900078064244	0	0	0	0	0.00624512099922312	0.3992974238872	0	0	0.00468384074941234	0.00468384074942234	0	0.00195160031225098	0.0362997658080182	0	0
264	0.015867798230899	0.550083672005967	0	0	0	0	0.000747071479798955	0.398517810183976	0	0	0.0083672005737495	0.00421348314605975	0	0.000926368634950944	0.0212765957445987	0	0
265	0.0799337336923664	0.415821080969345	0	0	0	0	0.00310623317457258	0.450403810312374	0	0	0.00186373990474155	0.00579830192586481	0	0.0147028370263122	0.0283702629944235	0	0
266	0.0292882963422637	0.590935592957267	0	0	0	0	0.00293466008472636	0.277840401134655	0	0	0.0192404866482761	0.00765732498930051	0	0.015353519648681	0.0567497181948296	0	0
267	0.0121590476017986	0.613668947243927	0	0	0	0	0.000489991470518942	0.318748525488962	0	0	0.0300528101917964	0.00642433261346924	0	0.0102535252163988	0.00820282017312902	0	0
268	0.0141747259253962	0.426838677264885	0	0	0	0	0.0212800315790943	0.460499165664876	1.79426910447952e-05	0	0.0089175174492676	0.000448567276119879	5.38280731343855e-05	0.0162201927044956	0.0515493513716861	0	0
269	0.0131147540984065	0.448680188941222	0	0	0	0	0.0038343984440119	0.440177827174218	0	0.000916921367047456	0.00377882745207187	0.000639066407335317	5.55709919422276e-05	0.0422339538761209	0.0465684912476231	0	0
271	0.0323639385126926	0.121811383464972	0	0	0	0	0.0226838388034948	0.673660157872846	6.23182384710857e-05	0.000270045700040938	0.00159950145408963	0.000186954715412957	4.15454923140905e-05	0.0531159119234878	0.0942044038221784	0	0
272	0.0634532482919995	0.00204199964705998	0	0	0	7.56296165577994e-05	0.0105881463180999	0.743086192552994	0	0	0.000882345526507993	5.04197443717996e-05	0	0.00249577734640998	0.177326240955999	0	0
273	0.145860776167925	0.0236092815887878	0	0	0	0	0.00678893504913649	0.780879521734596	0	0.00162123822068916	0.00937278346337515	0.000151991083189922	5.06636943965738e-05	0.00567433377241707	0.0259904752254866	0	0
274	0.0703183207872162	0.269300927472063	0	0	0	0.000333992754926078	0.0056008015826113	0.584410245870135	5.13835007579119e-05	0	0.00195257302880045	0.000154150502274036	0	0.0123834236827029	0.0554941808185129	0	0
275	0.0394719152483198	0.35817805383018	2.68882256460135e-05	0	0	0	0.0117770428329059	0.523755747358263	0	0	0.00330725175446166	0	5.3776451292027e-05	0.0404667795972203	0.0229625447017115	0	0
276	0.0677571160963075	0.263261296660557	0	0	0	0	0.00470598985699231	0.627724219856104	4.56892219124632e-05	0.000411202997212969	0.00280988714762279	6.85338328687948e-05	4.56892219124632e-05	0.0108968794261862	0.0222734956823233	0	0
277	0.0501235682971443	0.303672671416663	6.93596715124229e-06	0	0	0	0.0226767055179748	0.556499686245382	7.07316987308214e-05	0.000356669723835604	0.00517637243486425	0.000445616931703505	2.8772889018668e-05	0.0252851485742719	0.0356571203032604	0	0
279	0.0364942021307209	0.443169109423808	0	0	0	0	0.00225145682500185	0.47014244511149	0.000706339396078856	0.00245747248219052	0.010477367708515	0.00167755606568628	1.47154040849762e-05	0.0215286361763956	0.0110806992760276	0	0
280	0.116484059642137	0.181304649712212	0	0	0	0.000611959092888717	0.0125804667365147	0.570404716792668	1.17684440940138e-05	0.000553116872418648	0.00667270780130782	0.000141221329128165	0	0.0299859955515351	0.0812493380250952	0	0
281	0.051701122055069	0.33251554401037	0	0	0	1.20263135740883e-05	0.0120744188284102	0.493920698488153	0	0	0.00266984161344839	0.000252552585056254	3.60789407222648e-05	0.0822599848468397	0.024557732318357	0	0
282	0.176706971404095	0.0735890351979396	0	0	0	0	0.00563309533206303	0.709160058842382	0	0.000556133615586299	0.0105665386961057	7.17591762047386e-05	1.79397940512097e-05	0.00174016002296094	0.0219583079186118	0	0
283	0.189171725082897	0.199510475817891	0	0	0	3.91619345995786e-05	0.00505188956333724	0.575034266692686	0	0.00706872919521614	0.0135891913060926	0.000372038378695797	0	0.00534560407283708	0.00481691795574737	0	0
284	0.195129642952127	0.179174345379117	0	0	0	0	0.0055089631520436	0.579308373821378	0	0	0.00558780341181365	0.000325216071587212	0	0.00124173409151081	0.033723921120422	0	0
285	0.177087106120942	0.268256519376913	0	0	0	0	0.00136952191234955	0.525624773632829	0	0	0.00851140890981723	0.000928105758782698	2.26367258239926e-05	0.000611191597247801	0.0175887359652943	0	0
286	0.148126930637114	0.0936478517271721	0	0	0	0	0.00682954226341526	0.704779556304543	0	0	0.0126705981466098	0.00124684077506096	0	0.00197697276046152	0.0307217073856237	0	0
287	0.0725039467098094	0.267115243926034	0	0	0	0	0.00160756228101021	0.585547341265076	0	0	0.00896191906357117	0.000375418736282048	9.62612144315125e-06	0.000750837472566098	0.0631281044242082	0	0
288	0.133507268739982	0.262791358726964	0	0	0	0.000274100544139962	0.00127913587265982	0.570149435555921	0	0.000730934784373899	0.00620279379517914	0.000538049216275926	0	0.000406074880207944	0.0241208478842967	0	0
289	0.0305241961864136	0.29236059114713	0	0	0	0	0.00265332974710118	0.62860652937228	7.26939656739324e-06	0.00047251077688021	0.00443433190610198	0.000138118534780062	3.63469828370162e-05	0.00693500432529309	0.0338317716246151	0	0
290	0.0825670137429266	0.261299291848585	0.000238946895862826	0	0	0	0.00930444730857533	0.568548795852347	0	0.00056478357203786	0.00876862699664621	0.00146264463527869	1.44816300522682e-05	0.00344662795243463	0.0637843395652537	0	0
291	0.0633886906397254	0.288141641504115	1.37249519627055e-05	0	0	0	0.00391161130936157	0.593261048586238	6.86247598133275e-06	0.000171561899533069	0.00382926159758153	0.00152346966786061	1.37249519627055e-05	0.00626544057096251	0.0394729618447158	0	0
292	0.0576252789564119	0.260939539541025	0	0	0	0	0.00413112944049359	0.567452501368025	0	4.67851578764723e-06	0.0081499745020954	0.00065967072605942	4.67851578764723e-06	0.00337788839869002	0.0976546600356242	0	0
293	0.161802210257947	0.00935109096061692	0	0	0	0	0.0147350524227952	0.658401813544783	0	0	0.000283366392745907	0	0.000141683196372953	0.0063757438367879	0.148909039387951	0	0
295	0.0344951491196769	0.370104204096752	0	0	0	0	0.00491076775660671	0.49191519942467	0	0	0.00874356210324414	0.00299437058329799	0	0.00227572164330848	0.0845610252724433	0	0
296	0.109948940120992	0.164691319819988	0	0	0	0	0.00841714374129939	0.639022125947953	0	0	0.00198050440971985	0.000216617669812984	0	0.00235184898653983	0.0733714993036946	0	0
297	0.0556678627382061	0.323848991762036	0	0	0	0	0.00793450245110087	0.565548087128062	0	0	0.00424521150250047	0.00169303077779019	0	0.0108909890332012	0.0301713246071033	0	0
298	0.0500585130519955	0.460915669555959	0	0	0	0	0.00312865706574972	0.44780396933496	0	0	0.00926655680541916	0.00272264813354975	0	0.00291371116046974	0.0231902748918979	0	0
299	0.137247092560023	0.112952047156019	0	0	0	0	0.00816472837343139	0.70706547713912	0	0.000517763262705088	0.00418193404493071	0.000278795602995047	0	0.00485900908077083	0.0247331527800042	0	0
300	0.0927391524408036	0.183660792343809	0	0	0	0	0.0377306400404608	0.651129618552324	0	0	0.00526848571296453	0.000575162195738402	0	0.00632678415312343	0.0225693645607766	0	0
301	0.08102616205224	0.31075374650777	0	0	0	0	0.0100488950977926	0.569627889255579	0	0	0.0033813817627575	0.00211137922275844	1.58750317500882e-05	0.00341313182626747	0.0196215392430855	0	0
302	0.0677108334590869	0.247088996474952	0	0	0	0	0.00448479694977913	0.638404674063876	0	0	0.00401848778680922	0.000534884039882896	1.37149753815973e-05	0.000493739113738904	0.0372498731364928	0	0
303	0.0809698761892322	0.229356153949749	1.49349582567723e-05	0	0	0	0.0079155278761063	0.646332720999756	0	7.46747912840614e-06	0.00806487745867303	1.49349582567723e-05	0	0.000515256059859693	0.0268082500709817	0	0
304	0.171753069863045	0.0337202967185089	0	0	0	0	0.026746573907207	0.681890951762179	8.38187837894222e-06	0	0.0101169272034027	1.67637567579044e-05	0	0.00282469301370074	0.0729223418968193	0	0
305	0.0417281115951104	0.244623668827061	4.8035123282112e-06	0	0	0	0.0122825810232031	0.645832232528161	0	0	0.00555766376375138	1.44105369846036e-05	4.8035123282112e-06	0.00207031381346052	0.0478814108876119	0	0
306	0.0722274803880718	0.0912888371161314	9.10067162956507e-06	0	0	4.55033581477754e-06	0.00940099379333903	0.705993702335323	4.55033581477754e-06	0	0.00086911414062315	1.36510074443526e-05	0	0.00343550354016224	0.116752516335646	0	0
307	0.0499871805456728	0.0430255650337556	8.691155445661e-06	0	0	0	0.010720540242239	0.767772326491829	4.3455777228255e-06	0	0.0036720131757883	2.17278886141775e-05	0	0.00859120715803297	0.116192057153177	4.3455777228255e-06	0
308	0	1	0	0	0	0	0	0	0	0	0	0	0	0	0	0	0
309	0.0228431280898044	0.356735533327189	5.4990679079923e-06	0	0	0	0.00256256564512085	0.562026736467986	5.4990679079923e-06	5.4990679079923e-06	0.00746223515114293	0.00494366204928273	5.4990679079923e-06	0.00351940346111267	0.0398792404688218	5.4990679079923e-06	0
310	0.0259785037911687	0.161350079772818	6.26894396504345e-06	0	0	3.13447198252172e-06	0.00705256196068388	0.731049766011152	0	3.13447198252172e-06	0.0018242626938326	0.000203740678864112	9.40341594756517e-06	0.00714659612014793	0.0646547535834582	0.000677045948224173	4.07481357728224e-05
311	0.0580018461801443	0.0122263588068883	1.83395382103824e-05	1.22263588069883e-05	6.11317940347413e-06	0	0.018785800306882	0.771709428356259	0	0.000409583020032606	0.00526956064579494	0.00106369321619898	1.22263588069883e-05	0.0120551897836884	0.120429634248884	0	0
312	0.0162522367669821	0.477106409179475	1.28273376218859e-05	0	0	0	0.00171886324133811	0.450592302314504	0	0	0.012724718920986	0.00342489914505623	4.48956816767506e-05	0.00355958619008609	0.034556847553462	6.41366881096296e-06	0
313	0.0717705007302586	0.212069008192402	1.48511175466008e-05	0.000683151407143239	0	4.95037251553695e-06	0.00711863567734427	0.664052869978833	0	9.9007450310739e-06	0.00572758100047946	0.000163362293013209	0	0.00365337491646741	0.0347318135689657	0	0
314	0.0214768605034992	0.290528470924989	6.87039683411973e-06	0	0	1.03055952511996e-05	0.00692879520720973	0.639122100691975	3.43519841705986e-06	0.000209547103440992	0.00415659008464984	4.80927778388981e-05	0	0.00949832362317962	0.0280071726942989	3.43519841705986e-06	0
315	0.0160983510605955	0.447466546915875	2.5228570851893e-06	0	0	2.5228570851893e-06	0.00739953983085793	0.459773043775872	7.56857125557789e-06	5.04571417037859e-06	0.00737178840292794	3.27971421074908e-05	2.5228570851893e-06	0.0259223565502928	0.03591539346479	0	0
316	0.0495621610324289	0.141332328577662	2.75024477178828e-06	5.50048954356658e-06	0	1.10009790871331e-05	0.00286575505219783	0.686216323252671	0	2.75024477178828e-06	0.00270074036589133	0.00157314000946194	5.50048954356658e-06	0.00094608420149325	0.114775965060476	0	0
317	0.0295220627626873	0.391098001399832	6.30274610647729e-06	0	0	0	0.0027984192712788	0.490429280036789	0	0	0.00624602139151732	0.00290556595507875	6.30274610647729e-06	0.00274799730242882	0.0742337436420681	0	6.30274610647729e-06
318	0.0189259110575295	0.333382398858261	0	0	0	0	0.0071234220973156	0.527048485659458	1.33815067576893e-05	4.46050225254642e-06	0.00479057941924076	8.47495427984321e-05	1.33815067576893e-05	0.0290735536821189	0.0795396761675091	0	0
322	0.0551987652680078	0.0201164208956028	0	0	0	1.15611614343016e-05	0.00704074731347101	0.780962235466111	0	0	0.00136999762996019	5.78058071714082e-06	5.78058071714082e-06	0.00541640413196078	0.129872306972018	0	0
323	0.0718295321822769	0.0748082825558227	1.35809287544146e-05	0	4.52697625148485e-06	4.52697625148485e-06	0.00310097873226782	0.761238218544249	1.35809287544146e-05	0	0.00220463743446626	8.14855725266873e-05	4.52697625148485e-06	0.0166185298191965	0.0700775923729311	0	0
324	0.0846207102521055	0.17856076238087	6.78757602086851e-06	0	0	3.39378801043426e-06	0.00633620221547363	0.59299318527387	6.78757602085851e-06	6.78757602086851e-06	0.00365850347524171	0.000444586229366797	1.01813640313328e-05	0.015954197437061	0.117397914855907	0	0
325	0.00673492064838017	0.330867820820008	0	0	0	0	0.00466524730052012	0.617682983723016	5.08936069148013e-05	4.24113390956011e-06	0.00728202692271019	0.000237503498935006	0.000135716285105003	0.0185804076578005	0.0137582384027004	0	0
326	0.0129355801734904	0.250736786432732	0	0	0	3.18610349101503e-06	0.00830298569758011	0.653874461149754	1.91166209461302e-05	0	0.0182786757279454	0.000640406801693511	3.82332418921604e-05	0.00169500705721668	0.0534628165792944	1.27444139640201e-05	0
327	0.0272061189237548	0.359418318893114	6.8454547321423e-06	0	0	4.56363648809153e-06	0.0043651183008603	0.553635278735747	2.28181824405077e-06	4.56363648810153e-06	0.00533032741809627	0.00185511823241146	1.59727277083654e-05	0.000828300022589118	0.0473271921997657	0	0
328	0.0742123579709445	0.0793288621540476	1.53648774267092e-05	0	0	0	0.00238155600113143	0.755752225986453	0	0	0.00163635944594098	0	3.07297548534184e-05	0.00204352869775123	0.0845990151114508	0	0
329	0.029745450357117	0.227878081087131	0.000215964063580124	0	0	0	0.00970398525685555	0.64564616447837	0	0	0.00417530522921239	0.000338343699608194	7.19880211933411e-06	0.00300190048376172	0.0792876065422453	0	0
330	0.0488429301305789	0.187468693996919	0	0	0	0	0.0106635202973954	0.709246541034694	0	0.000155834325849933	0.00222620465498904	0.000801433675796654	1.11310232749952e-05	0.00225959772481902	0.0383241131356835	0	0
331	0.0534074186837365	0.0941163038514644	0	0	0	1.26858476683087e-05	0.0184959659004126	0.64423808798944	0	0.00388186938651265	0.00825848683209564	0.00782716801137535	0	0.00384381184351263	0.165905515806113	0	1.26858476683087e-05
332	0	0.5	0	0	0	0	0	0.5	0	0	0	0	0	0	0	0	0
333	0.0346264872647745	0.124878573052227	1.3778944395095e-05	0	0	0	0.00391322020820138	0.682023300194761	6.8894721975375e-06	0	0.00485018842706664	0.000943857691062608	6.8894721975375e-05	0.0117121027357908	0.136962707287548	0	0
334	0.0633109503835261	0.295426167912388	0	5.7539716789463e-06	0	0	0.012911912447543	0.567243790026101	0	0	0.00426369301410168	0.00115654830746888	0	0.00142698497638284	0.0542484449891305	5.7539716789463e-06	0
335	0.0353959436765823	0.0983553056520506	0	0	0	0.000156378544863922	0.00920593694545538	0.737086871680631	0	0	0.00201252388171899	0.000788691791485604	6.79906716797659e-06	0.000530327239102734	0.116461221520942	0	0
336	0.0270834383665057	0.208812704815044	0	0	0	1.00831862869021e-05	0.019097554827304	0.61716158306013	0	0	0.00835896143182176	0.000322661961179068	2.01663725737042e-05	0.00243004789513051	0.116702798084025	0	0
337	0.0415618010833295	0.00496348791463339	3.23354261539673e-05	0	0	0	0.0339953113632355	0.733103392525349	5.38923769232789e-05	5.38923769232789e-06	0.000819164129234639	0	1.07784753846558e-05	0.0139204009592491	0.171534046508815	0	0
338	0.0304973402341459	0.0933895166620855	0	0	0	0	0.0036379577708954	0.776782501161219	0	0	0.00165540164754962	0.000255180491124012	6.54308951601339e-06	0.000163577237900085	0.0936119817055649	0	0
339	0.0269802624527148	0.0705794682551387	0	0	0	0	0.0113566182288062	0.739594020038406	5.1040980803528e-06	0	0.00315433261366173	0.0014597720509808	2.04163923213112e-05	0.00487951776481268	0.141970488105078	0	0
340	0.00685018753096177	0.299620220319077	0	0	0.000202863680324052	0	0.00564244096903146	0.614346708183159	2.35888000377061e-05	0	0.00329771424527085	0.00149081216239038	1.88710400302049e-05	0.0142051753828037	0.054301417686914	0	0
341	0.0236955470665288	0.136724177734166	8.71159818626059e-06	0	0	4.35579909312529e-06	0.00545781626368663	0.727949856040885	0	0	0.0014025673079817	0.000309261735612376	4.35579909312529e-06	0.00339752329264413	0.101045827362123	0	0
342	0.0195318984119865	0.0828228375398233	0	0	0	0	0.00762779521148066	0.810601449676297	0	0	0.00295626467263968	0.00027665578487205	7.90445099635571e-06	0.000656069432697404	0.0755112203682112	7.90445099635571e-06	0
343	0.0199553916020804	0.198545254793313	0	0	0	4.73549871905109e-06	0.00942837794961861	0.695673174820705	4.73549871905109e-06	0.000336220409052718	0.00267082127754038	0.00159112756959661	4.73549871905109e-06	0.00648289774637745	0.0653025273355586	0	0
344	0.0124226817464292	0.222169310799535	1.55283521830615e-05	0	0	2.07044695774154e-05	0.00925489790109226	0.663107223272225	0	0	0.00409430885892459	0.000921348896193583	1.03522347887077e-05	0.00886151297911617	0.079122130489935	0	0
345	0.0198192553319901	0.285586215206597	4.81985781419939e-06	0	0	0	0.01295095794679	0.598857693697911	9.63971562839878e-06	0.000101217014098107	0.00818893842632124	0.0010700084347517	0	0.0131148331124885	0.0602964212556096	0	0
346	0.00742368352504902	0.407861458184763	4.20129231751042e-06	0	0	4.20129231751042e-06	0.0132382720925091	0.491462974010643	9.66297233028498e-05	0	0.00359630622379804	0.00302913176092269	2.10064615876021e-05	0.00965036845332264	0.0636117669794664	0	0
347	0.00857078985396511	0.211862579939879	7.98396819186545e-06	0	0	0	0.0149499804392915	0.671687251997616	3.99198409592772e-05	3.99198409593772e-06	0.00293410831051832	0.00191615236604891	1.19759522877932e-05	0.015788297099391	0.0722229762636588	3.99198409593772e-06	0
348	0.0317232449473587	0.106661318471012	0.000182964589314575	0	0	0	0.00779006924505809	0.728529809153486	0	0.000893711647806885	0.0121249225918752	0.000598153465067033	0	0.0114352868321609	0.100060519056861	0	0
349	0.0805740225778744	0.0488757113127845	9.20793355554708e-06	0	0	0	0.0217629509584931	0.772610080845755	0	0	0.00208099298354934	0.000119703136221962	0	0.00134896226588957	0.0726183679858769	0	0
350	0.0414355794872673	0.0652049309362447	8.07291456434531e-06	0	0	2.69097152144844e-06	0.0133418368033072	0.718508233028041	2.69097152144844e-06	0	0.0030300339331533	0.000508593617554294	1.34548576072422e-05	0.00110329832379646	0.156840584155421	0	0
351	0.0649841257083241	0.0253318865625094	0	0	0	3.34900668462124e-05	0.00442068882369164	0.802113893019297	0	0.000931023858324345	0.00409918418197152	6.69801336923248e-06	0	0.00129941459363048	0.0967795951720359	0	0
352	0.0523481723112223	0.0854720330039363	1.19927084333051e-05	0	0	0	0.0156864626307067	0.748321020819318	2.39854168665102e-05	0	0.00333397294445142	0.000275832293965117	0	0.00135517605296058	0.0931713518181396	0	0
353	0.0149610050647167	0.373289763959182	1.03572205363011e-05	0	0	1.03572205363011e-05	0.0127134882083311	0.507011838302787	0	0	0.00504396640117884	0.00287930730909051	3.10716616089033e-05	0.00267216289836249	0.08137668175367	0	0
354	0.0200143838598289	0.225911766375536	0	0	0	9.46306565474492e-06	0.00375683706493625	0.663606942105304	0	0.00112610481291669	0.0067377027461763	0.000671877661486249	9.46306565474492e-06	0.000775971383689203	0.0773794878588165	0	0
355	0.0060007517140281	0.398862060474085	3.24014671384409e-06	0	0	0	0.0163270992911125	0.543317521417339	0	6.48029342768819e-06	0.00785735578106668	0.00442928055781877	9.72044014153228e-06	0.000887800199592862	0.022298689684674	0	0
356	0.0273195794295904	0.0947555951451668	0.00019883245581993	0	0	0	0.0102637313693964	0.79849921262372	3.97664911638861e-06	7.95329823277722e-06	0.000640240507737776	2.78365438147903e-05	1.19299473491958e-05	0.00077146992857873	0.0674996421014764	0	0
357	0.0353337265309728	0.114145286542968	2.94898260099148e-05	0	0	9.82994200333826e-06	0.0333038435073065	0.710498378059461	0	0	0.00260493463088414	0.00384842229430938	9.82994200333826e-06	0.00387299714931348	0.0963432615747686	0	0
358	0.0855720867190662	0.178132441355411	6.21732021064239e-06	0	0	5.28472217904153e-05	0.00400084555554848	0.667441759252816	0	1.24346404212448e-05	0.0018123488413982	3.41952611584981e-05	0	0.000705665843908116	0.0622291579882711	0	0
359	0.091981599757857	0.282662936063175	6.53727225778405e-06	0	0	2.17909075259135e-06	0.0021028225762513	0.562314368706349	0	2.17909075259135e-06	0.00416424242821258	0.000514265417612319	4.3581815051927e-06	0.00201130076464125	0.0542332106506336	0	0
360	0.126385852214457	0.0214577327167809	1.93487220169078e-05	0	0	5.80461660507234e-05	0.0142600081265004	0.718379351043713	0	0	0.00154789776135463	0.000154789776135463	0	0.00532089855464715	0.112416074918344	0	0
361	0.164498295620648	0.0212671723123659	0	0	0	8.69984735722524e-05	0.0467577250690078	0.562500494309018	0	1.58179042858641e-05	0.00125752339071889	0.00224614240858789	1.58179042858641e-05	0.0259018182680099	0.175452194339499	0	0
364	0.173896850996031	0.0513949389818091	6.65048382270117e-06	0	0	0.000152961127922027	0.0345825158780061	0.653928773318115	1.33009676454023e-05	6.65048382270117e-06	0.000532038705816094	0.000744854188142132	6.65048382270117e-06	0.0039636883583307	0.0807701260267143	0	0
