Timepoint	Acidobacteria1	Actinobacteria1	Bacteroidia	Flavobacteria	Sphingobacteria	4C0d-2	Chloroplast	Bacilli	Clostridia	Fusobacteria1	Alphaproteobacteria	Betaproteobacteria	Deltaproteobacteria	Epsilonproteobacteria	Gammaproteobacteria	Erysipelotrichi	Mollicutes	Verrucomicrobiae
0	0	0.00248217763032061	0.466432099488115	0	0	0	3.34300017551083e-05	0.00092768254870323	0.48629787803012	0	1.67150008775041e-05	1.67150008775041e-05	1.67150008775041e-05	8.35750043877207e-06	0.000117005006143029	0.0116754281130029	0.0287080140072071	0.00326778267156081
1	0	0.00204272207306811	0.520860083265517	4.86362398349549e-06	0	0	1.9454495933982e-05	0.000617680245904428	0.462316641375572	0	0	4.86362398349549e-06	1.45908719504865e-05	4.86362398349549e-06	6.32271117854414e-05	0.00525271390217513	0.00828275164389233	0.000515544142250522
2	0	0.0012101417415095	0.642786257144736	0	3.76860749952845e-05	0	4.60607583275811e-05	0.000276364549964886	0.344500973556858	0	4.18734166613828e-06	0.000309863283293873	4.18734166613828e-06	0	2.93113916629879e-05	0.00350480497455856	0.0070556707074571	0.000234491133303904
3	0	0.00122410091898024	0.544929930775108	0	0	0	3.0150268940406e-05	0.000331652958345066	0.434833208712086	0	0	0	0	6.03005378808119e-06	6.63305916690131e-05	0.00735063556767145	0.010220941170802	0.0010070189826102
4	0	0.000382189948404381	0.626982610357625	0	0	0	3.09883741949309e-05	9.29651225847927e-05	0.360301826764359	0	0	0.000366695761307366	3.61531032274361e-05	0	4.64825612924464e-05	0.00118272294844118	0.0102829755037103	0.000294389554852294
5	0	0.0015257044330512	0.507747629202401	2.26870547666179e-05	0	0	4.53741095331358e-05	0.000453741095331358	0.451075366396356	0	0	0.000374336403648295	0.000124778801216098	1.13435273833089e-05	0.000391351694723309	0.00622759653342491	0.0307409592086243	0.00125913153954099
6	0	0.00135235230742015	0.692022804812079	5.61142036272064e-06	0	0	1.68342610881019e-05	8.97827258037102e-05	0.289863530257033	0	5.61142036272064e-06	0.000959552882025109	5.61142036272064e-06	0	0.000886604417310101	0.00211550547675024	0.0120140509966014	0.000662147602801075
7	0	0.0011193723794804	0.613522211339221	0	0	0	1.44746428382052e-05	0.000323267023386117	0.371062294038134	0	0	9.64976189212348e-06	0	4.82488094606174e-06	0.000154396190274056	0.00214707202100077	0.0112419726043041	0.000400465118523144
8	0	0.00084894648099871	0.510098925846826	1.1790923347196e-05	0	0	2.94773083679899e-06	0.000875476058529701	0.474030491327838	2.94773083679899e-06	2.94773083679899e-06	8.84319251039698e-06	1.7686385020794e-05	1.1790923347196e-05	0.000159177465186946	0.00560068858991809	0.00688884696560764	0.00143849264835951
9	0	0.0010022728308101	0.632773309171064	0	0	0	1.26549599850013e-05	0.000210072335751021	0.345212122439035	0	0	1.0123967988001e-05	2.53099199700026e-06	2.53099199700026e-06	4.30268639490043e-05	0.00185521713380019	0.0183876568582019	0.000488481455422049
10	0	0.00385628979350912	0.421161014070904	1.28972902792971e-05	0	0	1.28972902792971e-05	0.000816828384356815	0.547275017518876	4.29909675976902e-06	3.43927740780922e-05	0.000670659094523848	4.29909675976902e-06	0	0.00331460360177925	0.00950530293584784	0.0110615759628975	0.00226992308914948
11	0	0.00536120646429676	0.456683325159724	0	0	0	0	0.000603342351325635	0.518147105334687	0	0	2.75498790559833e-06	2.75498790559833e-06	2.75498790559833e-06	2.20399032447867e-05	0.0108078175536935	0.00808313451503511	0.000283763754276828
12	0	0.00453805223784108	0.498206129719119	0	0	0	0	0.000820533430458196	0.471526234045112	0	0	4.186395053361e-06	0	0	2.5118370320206e-05	0.00959103106724229	0.0134257689361032	0.00186294579875044
13	0	0.00384982386230718	0.447980867905671	1.20025685496912e-05	0	0	3.0006421374178e-06	0.000501107236948632	0.525691497980614	0	3.90083477863714e-05	8.70186219850362e-05	6.0012842748256e-06	6.0012842748356e-06	0.000132028254045903	0.00810173377101406	0.0121225942351911	0.00146731400519892
14	0	0.00183198031267015	0.682896464084055	6.45063490374052e-06	0	0	0	0.000170941824949014	0.295690653353024	0	0	6.45063490374052e-06	6.45063490374052e-06	3.22531745187026e-06	2.58025396150021e-05	0.00213193483568017	0.0167232709879013	0.00050637483994304
15	0	0.00718484650555329	0.488952453884224	0	0	0	0	0.00074325998333434	0.476767494763218	0	0	0.000157661208586072	0	2.25230297980103e-05	0.000180184238384083	0.00439199081060201	0.0125453275975057	0.00905425797879415
16	0	0.00407898996438827	0.536484299125772	0	0	0	0	0.000129491744900945	0.453922520772807	0	0	0	1.07909787417954e-05	1.07909787417954e-05	0	0.00273011762165884	0.00233085140821901	0.000302147404769872
17	0	0.0092123739415294	0.340804646610978	0	0	0	0	0.000893578996638942	0.623856431640959	0	1.06378451980993e-05	0	0	0	1.06378451980993e-05	0.0136589932343991	0.00882941151438942	0.00272328837070982
18	0	0.00484431057306451	0.40776624522738	0	7.67415536328715e-05	0	0	0.000412485850776384	0.576108435815537	0	8.63342478369804e-05	0.000105519636245098	0	0	7.67415536328715e-05	0.00359726032653335	0.00602421196017561	0.00090171325518584
20	0	0.0124403445465971	0.362501455010917	0	0	0	0	0.00144046094749967	0.596459958095863	0	0	0	0	0	0	0.0124476196018971	0.0127531719240971	0.00195698987312955
21	0	0.00296309929142929	0.602104229931856	0	0	0	0	0.000343547743933918	0.384202938559908	6.13478114167853e-06	0	3.06739057083926e-05	0	6.13478114167853e-06	0.000595073770743857	0.00339253397134919	0.00569921168062863	0.000656421582159843
22	0	0.00512361635846426	0.554450851726461	6.62822297342552e-06	0	0	0	0.000490488500033408	0.417664214224348	0	0	0.000874925432491728	6.62822297342552e-06	0	0.00051700139192743	0.00562073308146468	0.0136607675482114	0.00158414529065132
23	0	0.0178851321092888	0.345919167039783	2.79892521271825e-05	0	0	2.79892521271825e-05	0.00380653828929761	0.614336094939615	0	0	0	2.79892521271825e-05	0	0.000643752798924597	0.0129870129869919	0.00279892521271825	0.00153940886699904
24	0	0.0039803405786997	0.494012183302962	0	0	0	3.46116572060974e-05	0.00186902948912986	0.484147860999963	0	0.00152291291706988	0.00148830125986989	0	0	0.00051917485809196	0.0106950020766992	0.000796068115741939	0.000934514744565929
25	0.00374326041416951	0.00477351557402531	0.473608296988011	0	0	0	0	0.00113328067585142	0.48882173151572	0	0.00532298499262176	0.0101308424052655	0	0	0.00405233696212625	0.00532298499262176	0.00068683677324155	0.00240392870634693
26	0	0.00228310502282973	0.00228310502282973	0	0	0	0	0.0707762557077915	0.00456621004565945	0	0.242009132419971	0.42009132420095	0	0	0.257990867579969	0	0	0
27	0	0.000326600341673829	0.676916892774647	0	0	0	0	0.000175861722439908	0.310194955280838	0	0.00040196965129079	0.000552708270525711	0	0	0.00040196965129079	0.000351723444879816	0.00618028338859677	0.00449703547381765
28	0	0	0.00136301681054009	0	0	0	0	0	0.00090867787369406	0	0.0899591094957059	0.700590640618046	0	0	0.207178555202014	0	0	0
30	0	0.00116951358117979	0.508392495346907	0	0	0	0	0.000181192244971967	0.464708692285915	0	0.00334382052083939	0.0071488576652487	0	0	0.00785715462286857	0.00309674018678944	0.00243785929598956	0.0016636742492897
31	0	0.00144154533660135	0.648583281277607	0	0.000400429260167374	0	0	0.00012813736325412	0.319750772828299	0	0.00035237774894733	0.00161773421107151	1.6017170406715e-05	0	0.001073150417251	0.00148959684782139	0.0226162446143212	0.00253071292425237
32	0	0.00720812182742395	0.331032148900181	0	0	0	0	0.000609137055837334	0.614145516074337	0	0	0	0	0	0.000338409475465185	0.0130626057530072	0.0245685279188135	0.00903553299493495
33	0	0.00617877248386241	0.38589866813115	0	0	0	3.43265137993134e-05	0.000514897706989201	0.573149800906223	0	3.43265137993134e-05	0.0010297954139804	0	0	0.00030893862419312	0.0100919950570039	0.0177124811205069	0.00504599752849197
34	0	0.00331924111666356	0.570874532685613	0	3.49393801754375e-05	0	0	0.0002795150414033	0.40941965689544	0	0.000593969462981638	0.000174696900877188	0	0	0	0.00359875615807386	0.00856014814298919	0.00314454421578338
35	0	0.0025253322390284	0.637456990435597	0	0	0	0	0.000726033018718541	0.34862211559678	0	0	0.00028409987688982	0	0	9.46999589633401e-05	0.00271473215694828	0.00650273051548589	0.00107326620158932
36	0	0.00279745796210828	0.490406543619699	0	0	0	0	0.000851400249338478	0.487943564325701	0	0.000334478669382795	0.000425700124668739	0	0	3.04071517620814e-05	0.00602061604889631	0.00754097363699538	0.00364885821144776
37	0	0.00119766715267994	0.716126848572961	0	0	0	0	0.00018225369714599	0.261742345344986	0	0	0.000390543636741979	0	0	0.000208289939595989	0.00122370339512993	0.0165850864402991	0.00234326182045987
38	0	0.00185514803580007	0.730201308631029	0.000576600065181023	0	0	0.00077715660959103	0.000225626112462009	0.237584296423009	0	0.0051392614505202	0.0113815838953004	0	0	0.000626739201284024	0.000426182656873017	0.00952643585951037	0.00167966105944007
39	0	0.000273496955859996	0.704861111110989	0	0	0	0	0.000130802891932998	0.285411910197995	0	0	0	0	0	3.56735159816994e-05	0.000915620243530986	0.00734874429223988	0.00102264079146998
40	0	0.00202022494864022	0.689736576286076	0	0	0	0	0.000226991567263025	0.290390312000032	0	1.13495783632013e-05	0	0	1.13495783632013e-05	0	0.0018499812732002	0.0125980319831014	0.00315518278496035
41	0	0.00396788493133896	0.468716740547877	0	0	0	0	0.000981638199158743	0.511557498165866	0	0	0.00145695774821962	0	0	6.19982020522838e-05	0.00737778604420807	0.00483585976006874	0.00104363640120973
42	0	0.00781340032728826	0.324037153985928	0	0	0	0	0.000829741627676815	0.633911079355858	0	0	0.00194758798718957	0	1.15241892732974e-05	0.000218959596192951	0.0165602599856963	0.00904648857952798	0.00562380436536874
43	0	0.004757521652831	0.316935224513066	0	0	0	0	0.00120878755281025	0.614829272620129	0	0	0.000121987734688026	0	0	9.98081465626209e-05	0.0396460137736083	0.0118217204707025	0.0105796635356022
44	0	0.00336535728498052	0.440350179069069	0	0	0	0	0.000966403274402151	0.520686714797081	0	0	0.00057984196464109	0	0	0.000466147461771073	0.0221022113581034	0.006389631061341	0.00509351372861079
45	0	0.00398501834873683	0.491367895380609	0	0	0	0	0.000718816600879428	0.474456789033622	0	0	0	0	0	0.000252216351185799	0.0181217448327856	0.00456511595646637	0.0065324034957148
46	0	0.00287637698899291	0.439179926560444	0	0	0	0	0.00082007343941383	0.518102815177524	0	0.000697674418605706	0.00195838433293198	0	0	0.00150550795594152	0.0195838433293198	0.00419828641371425	0.0110771113831112
47	0	0.00347996787721259	0.532286368638316	0	0	0	0	0.000223074863923705	0.432348829600872	0	0.00382201600190221	0.0170726629190425	0	0	0.000401534755064069	0.00727224056392657	0.00211177537847414	0.000981529401266501
48	0	0.00177907452544064	0.583643188813211	0	0	0	0	0.000284651924069103	0.372876229785135	0	0	0	0	0	0.00323791563629117	0.00384280097494139	0.0227899446708082	0.0115461936701042
49	0	0.000616033071248705	0.610342871038708	0	0	0	0	0.000470130501742775	0.381032665963817	0	0	0	0	0	6.48455864471689e-05	0.00264245764771873	0.00447434546485786	0.000356650725459829
50	0	0.00260429964764752	0.547056120104479	0	0	0	1.70215663244838e-05	0.000425539158113594	0.423837001480596	0	0.00391496025463627	0.00764268327970272	0	1.70215663244838e-05	0.00309792507106705	0.00592350508093436	0.00350644266285666	0.00195748012731813
51	0	0.00574462758739342	0.462047248244275	0	0	0	0	0.000658787567360392	0.501851193064299	0	0.000118581762125071	0.000289866529639172	0	0	0.000566557307931337	0.0183801731294109	0.00563922157661336	0.0047037432309528
52	0	0.00887871651130602	0.412755276920815	0.000254309439302886	0	0	0	0.000961953096493569	0.534702181532761	0	1.1056932143595e-05	0.000674472860759698	1.1056932143595e-05	1.1056932143595e-05	0.00147057197509934	0.0183434504262918	0.0128370982186943	0.00908879822204593
53	0	0.00168876657494191	0.517888416312587	0	0	0	1.04244850304118e-05	0.000708864982069804	0.469143524309532	0	0	1.04244850304118e-05	0	0	6.25469101826709e-05	0.00824576765907935	0.00166791760487189	0.00057334667667465
54	0	0.00338673197941765	0.390716369985729	0	0	0	0	0.00117187957764919	0.564845956429609	0	0.00112500439454922	0.00140625549318903	0	0	0.000257813507082821	0.0332930988011769	0.00127734873963911	0.00251954109195825
56	0	0.00161364684186004	0.507947962395011	0	0	0	1.00226511917002e-05	0.00104235572394002	0.477308717702011	0	7.01585583419016e-05	0.000410928698860009	0	0	0.000200453023834004	0.00569286587688013	0.00333754284683008	0.00236534568124005
57	0	0.000157360539221986	0.717957460200938	0	0	0	0	7.86802696109932e-05	0.278082299561976	0	0	0	2.62267565369977e-05	0	0	0.000839256209184928	0.00251776862754978	0.000340947834980971
58	0	0.00117130307466899	0.5789165446565	4.18322526668067e-05	0	0	0	0.00050198703200228	0.408742940806789	0	0.00167329010667427	0.000334658021334854	0	0	0.00121313532733609	0.00209161263334534	0.00359757372934117	0.00171512235934137
59	0	0.00468289735391059	0.378055842292047	0	0	0	0	0.00148543518215019	0.589037991893074	0	0	0.000730129157330091	0	0	0.000151061204965019	0.0125884337471016	0.00606762506609076	0.0072005841033309
60	0	0.000656439182124764	0.600252850647784	0	0	0	2.43125623008912e-05	0.000364688434513869	0.38776105613786	0	0	0.00153169142495945	0	0	0.000510563808319816	0.00189637985946932	0.0050083878339882	0.00199363010867928
61	0	0.00218310506480138	0.489314275209309	0	0	0	0	0.00105708245243067	0.488464013236308	0	0	0.000275760639765174	2.29800533137145e-05	0	0.00209118485155132	0.00482581119588305	0.00659527530104416	0.00517051199559326
62	0	0.00593635839262056	0.42568736781404	0	0	0	0	0.000985387425495093	0.539319361661051	0	0	0.0042059219380904	0	0	0.00377331282446036	0.00975773889637093	0.00826764083830078	0.0020669102095702
63	0	0.00572043010751821	0.403849462365874	0	0	0	2.15053763440933e-05	0.000645161290323799	0.564258064515824	0	0	0.0012688172042996	0	2.15053763440933e-05	0.0019139784946294	0.0117419354838963	0.00389247311827878	0.00666666666666792
64	0	0.00286885245901755	0.527846083788549	0	0	0	0	0.00040983606557365	0.44480874316962	0	0	4.55373406192611e-05	0	0	0.000569216757740514	0.00623861566483467	0.0116347905281901	0.00557832422585523
65	0	0.00767494356659385	0.489541008276245	0.000150489089541075	0	0	0	0.000511662904440256	0.487012791573244	0	0	0.000842738901429422	0	0	0.00018058690744909	0.00559819413093281	0.00349134687735175	0.0049962377727725
66	0	0.00584220268393545	0.545869967607575	0	0	0	0	0.000404905136510685	0.41173068024068	0	0.000896575659416302	0.00199560388708845	0	0	0.00153285515964881	0.0032103192966175	0.0232531235538819	0.0052637667746459
67	0	0.0067404167738672	0.45595574993581	0	0	0	0	0.00128633907897946	0.518549009518784	0	0.00164651402109932	0.00342166195008858	0	0	0.000257267815795893	0.0043220993053682	0.00496526884486793	0.00285567275533881
68	0	0.00407670583947773	0.3582946160158	0	0	0	0	0.000478272752117733	0.619226564634655	0	0	0.0023230390817187	0	0	0.000910995718319492	0.00951990525644469	0.00291518629861837	0.00225471440284874
69	0	0.00486459487046037	0.39340239320703	0	0	0	0	0.000586357417422045	0.585727626121045	0	0	0.000825243772667063	2.17169413860017e-05	0	0.000173735531088013	0.00729689230569056	0.00453884074967035	0.0025625990835402
70	0	0.00194860723648122	0.55874560161435	0	0	0	0	0.000168225085164105	0.428483310670268	0	0	0.000630844069365395	0	0	4.20562712910263e-05	0.00264954509134166	0.00660283459269413	0.000728975369044456
71	0	0.00500095681571059	0.528468456975062	0	0	0	0	0.000331696115328039	0.458110607897054	0	0	0.000803725202526094	0	0	5.1030171588906e-05	0.00353383938253041	0.00149263251898017	0.00220705492122026
72	0	0.00539123083956735	0.470986552113768	0	0	0	0	0.000414046528478796	0.502065919657753	8.62596934329575e-06	0	0.00169931596062916	0	0	0.00140603300295931	0.00421809900887792	0.00440787033442783	0.00940230658419537
73	0	0.00362357293388083	0.474475794836108	0	0	0	0	0.000545810149037124	0.511424109647116	0	0	1.51613930288035e-05	0	0	4.54841790864104e-05	0.00489712994830112	0.00184968994951042	0.00312324696393071
75	0	0.000699391691877266	0.606535246088231	0	0	0	0	0.000731921538011278	0.383347971764146	0	0	0.000650596922677247	0	0	0.00034156338440513	0.00117107446082044	0.00330177938258125	0.00322045476725122
76	0	0.00144536519561171	0.546556818911646	0	0	0	0	0.000144536519560171	0.433866512494512	0	0.000289073039121341	0.000706622984519835	0	0	3.21192265690379e-05	0.00244106121924288	0.00894520459948056	0.00557268580973658
77	0	0.00064735138548896	0.580705770900964	0	0	0	0	0.000189468698191988	0.408226099312975	0	0	0	0	0	6.31562327307961e-05	0.00119996842187993	0.00786295097497951	0.00110523407278993
78	0	0.000788506360231291	0.755052818330279	0	0	0	0	4.63827270724171e-05	0.237178074885088	0	0	0.00157701272046058	0	0	1.15956817681043e-05	0.000800102042000296	0.00398891452823147	0.000556592724869206
89	0	0.00189953804133791	0.592655868898349	0	0	0	2.24797401341753e-05	0.000236037271408741	0.333779181512633	0	0	0.000561993503354383	0	0	0.000775551034629148	0.00245029167462731	0.0346525194167619	0.0329665389067638
92	0	0.00222417627890254	0.663476956498759	0	0	0	0	0.000186210107071213	0.315843376610361	0	0	0	0	1.03450059484118e-05	2.06900118968237e-05	0.00197589613614226	0.00483111777790553	0.0114312315730131
93	0	0.00258818064173963	0.568794173275918	0	0	0	8.2954507747988e-06	0.000323522580216953	0.409662541061941	0	0	0.00101204499451985	0	0	0.000887613232902872	0.00320204399906954	0.00764011016358889	0.00588147459932915
94	0	0.00757716106561817	0.515728630182875	0	0	0	0	0.000833672977878798	0.443940123753893	0	0.000555781985252865	0.00109303790432974	0	0	0.00120419430137971	0.00500203786727879	0.0107080662491974	0.0133572937122968
95	0	0.00277475234687147	0.683185519422977	0	0	0	0	0.00111508739172637	0.264171982781287	0	0.000129661324619928	0.0179451273274181	0	0	0.0079352730667396	0.0023598361080877	0.0137181681448034	0.00666459208546931
96	0	0.0054298823859436	0.487367007954323	0	0	0	0	0.000440802260113292	0.477408884169317	0	0.000100182331844066	0.0031657616862721	0	0	0.00348634514817231	0.00420765793745279	0.00843535234126559	0.0099581237852966
97	0	0.00881459532994185	0.369094873372078	0	0	0	0	0.00052179422672011	0.587950280464123	0	0.00326121391700069	0.00354074653845074	0	0	0.00149084064777031	0.00454706397570095	0.014386612250903	0.00639197927731134
98	0	0.00105957400799945	0.657519731862657	0	0	0	2.16239593469887e-05	0.000410855227592786	0.330543842577827	0	0	0	0	0	0.00112444588603941	0.000908206292571526	0.00557898151151709	0.00283273867444852
99	0	0.00185543467919002	0.548003425418006	0	0	0	1.58584160614002e-05	0.00137968219734001	0.428240667322005	0	0.000856354467316009	0.000808779219132009	0	0	0.00182371784706002	0.00843667734466009	0.00388531193505004	0.00469409115418005
100	0	0	0.00032626427406211	0	0	0	0	0.053181076672118	0.091843393148531	0	0.205546492659069	0.449755301794152	0	0	0.199347471452067	0	0	0
101	0	0.000527281547254948	0.71490941302993	0	0	0	0	8.43650475607918e-05	0.281652711281972	0	0	0.00149747959419985	0	0	2.10912618901979e-05	0.000569464071034944	8.43650475607918e-05	0.000653829118595936
102	0	0.000287120590648061	0.818949958983175	0	0	0	0	8.20344544708175e-05	0.175512715340037	0	0	0	0	0	0.000369155045119079	0.00098441345364921	0.0018867924528304	0.00192780968007041
103	0	0.00151679306609142	0.769577464788719	0	0	0	0	8.6673889490881e-05	0.221581798483207	0	0	0	0	0	4.33369447454405e-05	0.000953412784399891	0.00221018418202207	0.00403033586132377
104	0	0.00398807237070983	0.62987761374218	0	5.48817298721252e-05	0	0	0.000420759929019193	0.336278652836656	0	0.00184768490569185	0.00294531950313235	0	0	3.65878199148168e-05	0.0023965022044221	0.00541499734737849	0.0167389276110227
105	0	0.00233397445594	0.915501480345	2.16108745921e-05	0	0	0	0.00397640092494	0.065956389255	0	0.00646165150303	0.00149115034685	0	0	0	8.64434983684e-05	0.00170725909278	0.0024636397035
106	0	0.00011638564383095	0.736473805955684	0	0	0	0	2.90964109576875e-05	0.249719947044893	0	0.00183307389032921	0.00612479450659737	0	0	0.00203674876703913	0.00011638564383095	0.00110566361638952	0.00244409852044895
108	0	0.0027008256810023	0.752666100779642	0	0	0.00597268307740509	0	0.00526275175553449	0.154147696581131	0	0.0208658075469178	0.0463770352651396	0	0	0.0086735087583974	0.000154332896057132	0.00118836329964101	0.0019908943591317
109	0	0.00430975437560897	0.556179597685868	0	0	0	0	0.000347730793141917	0.4192263516719	0	0	0.000979968598855767	0	0	0.00146468424989965	0.00241304095846943	0.00599572185750857	0.00908314980874784
110	0	0.00188368259948227	0.548112393061661	0	0	0	3.92433874892473e-05	0.000274703712425331	0.43112785495652	0	0	0	0	0	0	0.00227611647438274	0.00922219605997112	0.00706380974806852
111	0	0	0.0138787436084969	0	0	0	0	0.0262965668370942	0.0116873630386974	0	0	0.628926223520862	0	0	0.31848064280493	0	0	0.000730460189919839
112	0	0	0.00126422250316106	0	0	0	0	0.14285714285712	0	0	0	0.398230088496335	0	0	0.457648546143384	0	0	0
113	0	0.0288054221971005	0.0053657158994701	0	0.170573284383003	0	0.0115786500988002	0	0.00367127929964007	0	0	0.57921491104201	0	0	0.200508330980004	0	0.000282406099972005	0
114	0	0.00419111483654948	0.339340597931958	0	0	0	0	0.000279407655769965	0.465353450684942	0	0.0164850516903979	0.0839620005588895	0	0	0.0758591785414905	0.0032131880413496	0.000419111483654948	0.0108968985749986
115	0	0.000379971291058219	0.803343747361462	0	0	0	0	8.44380646796486e-05	0.193869796504112	0	0	0	0	0	4.22190323398243e-05	0.000253314194039146	0.000422190323398243	0.00160432322891092
116	0	0.00230209067417888	0.561428235846708	0	0	0	0	0.000258397932816917	0.39523138360359	0	0.0019262391355452	0.023819591261493	0	0	0.0105003523607951	0.00129198966407958	0.000728212356119036	0.0025135071646741
118	0	9.95941538232695e-05	0.771767547244538	0	0	0	2.48985384558174e-05	7.46956153674521e-05	0.217837312950152	0	0	0.00623708388318435	0	0	0.00140676742276098	0.00018673903841813	0.000485521499888339	0.00187983965341131
119	0	0.000131082743461021	0.659618448384106	0	0	0	3.02498638756049e-05	5.04164397926081e-05	0.335723072579054	0	0	0	0	0	0	0.000201665759170032	0.0012704942827802	0.00297456994776048
120	0	0.00115501519757021	0.782145028224143	0	0	0	0	0.000121580547112022	0.212036474164039	0	0	0	0	0	0.000356057316544065	0.000564481111594103	0.000642640034737118	0.00297872340426055
121	0	0.0012016225377104	0.711193843247238	0	0	0	6.94579501570232e-06	7.64037451727256e-05	0.271698663629091	0	0.00213235906982071	0.00323674047732108	0	0	0.000472314061067158	0.00129191787292043	0.00100019448226033	0.00768899508238257
122	0	0.00585208095377665	0.415927670332762	0	0	0	6.41675543177633e-06	0.00045558963565674	0.562069275291679	0	0	6.41675543177633e-06	0	0	5.13340434541707e-05	0.0064616727197963	0.000673759320336615	0.00849578419167514
123	0	0.00393866391342887	0.432442354020876	0	0	0	0	0.000711253871744796	0.529792359756848	0	7.6478910940278e-06	0.00031356353485491	0	7.6478910940278e-06	0.000282971970478919	0.00716607395509794	0.00231731100148933	0.0230201521929934
125	0	0.00516099984993148	0.398489219430114	0	0	0	2.50129233437072e-05	0.00100885457486029	0.573588020477164	0	0	0.00282646033784081	0	0	0.00225116310093064	0.00712868315296204	0.00122563324384035	0.00829595290901237
127	0	0.00168967615874942	0.544668310964813	3.2031775521289e-05	0	0	0.000240238316409918	0.000528524296100819	0.418751401389857	0	0.0023223037252892	0.0128687658156956	0	0	0.00606201351740792	0.00101700887279965	0.00518113969056823	0.00663858547678773
128	0	0.00208666415874996	0.551449496848989	0	0	0	0	0.000246872942724995	0.431093059343991	0	4.11454904541992e-05	0.000464356249411991	0	0	0.000211605379478996	0.00119321922316998	0.0047963886015299	0.00841719176149983
129	0	0.00341203351104266	0.441980198019344	0	0	0	0	0.000258948971820202	0.546488956588426	0	0	0	0	0	9.13937547600712e-05	0.00332063975628259	0.000578827113481451	0.00386900228484301
130	0	0.00393188464606058	0.387549498370057	0	0	0	0	0.000545706409952081	0.591797612884087	0	0	0	0	0	8.39548323001124e-05	0.00817160367722121	0.00181902136650027	0.0061007178138209
131	0	0.00499439164059925	0.371273392762205	0	0	0	0	0.000566739476947234	0.600366019245578	0	0.000118070724364174	0.000177106086545761	0	0	0.0002715626660373	0.0096463781805343	0.00311706712320379	0.00946927209398454
136	0	0.0040781805753491	0.41102730758991	0	0	0	0	0.000567701273272875	0.569288519689875	0	0	0.00174944678089962	0	0	9.26859221668796e-05	0.00234031953471949	0.0031744928342193	0.00768134579958831
137	0	0.00618122052308545	0.379537658996335	0	0	0	8.93239959983788e-06	0.00109868515078097	0.574415821066507	0	0.00313527225954277	0.00327819065313289	0	0	0.000142918393598126	0.0101382735458089	0.00571673574389504	0.0163462912677144
138	0	0.000826645180867311	0.697071164732419	0	0	0	0	0.00417508135653652	0.282451055280764	0	0.00161143490953866	0.00289849006456758	0	0	0.00173700126612855	0.000648759509035459	0.00241715236430798	0.00616321533583486
139	0	0.00198276633172916	0.54211514952777	0	0	0	0	0.00110319329735953	0.435671904349815	0	0	0.000745400876590683	0	0	0.000685768806463709	0.00223620262976905	0.00675333194191713	0.0087062822385863
140	0	0.0118905146122063	0.293518125313156	0	0.000102948178461055	0	0	0.00566214981533301	0.642280816894341	0	0.000141553745383075	0.00127398370845068	0.000386055669228205	1.28685223076068e-05	0.000540477936919287	0.0152878045014081	0.00438816610689233	0.024514534995913
141	0	0.00895673816203804	0.304640065946933	0	0	0	0	0.00434362169273905	0.613798132559866	0	4.75579017453896e-05	0.000348757946132924	0	0	0.00109383174013976	0.0114614543205975	0.00694345365481848	0.0483663860749894
142	0	0.00761023307300259	0.433322058913988	0	0	0	0	0.000415103622164596	0.538112662197862	0	0.000153742082283184	0.00103007195129433	0	0	0.000676465162044008	0.00478137875898801	0.00481212717545665	0.00908615706291715
143	0	0.00727925412573853	0.535174751956892	0	2.4928952485395e-05	0	0	0.000448721144736909	0.431894101809913	0	0	0.00209403200876958	0	0	0.00206910305628958	0.00306626115569938	0.00276711372587944	0.0151817320635969
144	0	0.00224372049652696	0.629028498164147	0.000393379567573467	0.00062649338539415	0	0	0.000437088408414407	0.343857450900534	0	0.00387551722127474	0.00303047963167589	0	0	0.000728480680691012	0.00169007517919771	0.0050119470831532	0.00907686928141769
147	0	0.00222518914108163	0.582229297182427	0	0.000171168395467126	0	0	0.000222518914107163	0.403580842833296	0	0.000547738865496402	0.00215672178289158	0	0	1.71168395467126e-05	0.00301256376023221	0.00159186607785117	0.00424497620760311
148	0	0.0024818850915697	0.440406230386947	0	0	0	0	0.00205397386888975	0.524305357448937	0	0.000627603126603925	0.00136931591258984	0	0	0.000884349860215894	0.00972784846236883	0.00148342557197982	0.016660010269898
149	0	0.00362813511326694	0.30841676779974	0	0	0	0	0.00261680825241779	0.666236852750438	0	0	0.000442455501617627	0	0	0.000126415857604893	0.0114027103559904	0.00275586569578768	0.00437398867313631
150	0	0.00513488372092771	0.384334883720829	0.00266046511627881	0	0	0.000446511627906801	0.00275348837209877	0.563851162790748	0.000595348837208734	0.00396279069768823	0.0143255813953936	0	0	0.00388837209301827	0.00483720930232784	0.00465116279068793	0.00855813953488618
151	0	0.00191885964911939	0.335526315789894	0.000370065789473883	0	0	0	0.00180921052631943	0.638253837718798	0	0	0.00113760964911964	0	0	0.000808662280702744	0.012664473684296	0.00434484649122862	0.003166118421049
153	0	0.000325678027963459	0.404368577685221	1.12302768263055e-05	0	0	0	0.0081868718063873	0.412128698972556	5.61513841316274e-05	0.000235835813352815	0.00230220674938962	0.000404289965748398	7.86119377842384e-05	0.155325958784985	0.0157673086641585	0.000213375259700404	0.000595204671795391
155	0	0.00222470966838849	0.0718063523156512	0.00177696935776879	0.000265845809430819	0	0.000377780887084743	0.188792500349872	0.251700013991829	4.19756541205715e-05	0.000895480621240392	0.00478522456974675	4.19756541205715e-05	0.0019168882048387	0.468798097103682	0.00563872953686617	0.000265845809430819	0.000671610465929544
156	0	5.24807657995069e-05	0.493214236982065	3.14884594796042e-05	1.04961531599014e-05	0	0	0.00562593809369074	0.262687225132035	4.19846126395055e-05	0	0.00324331132640043	0	1.04961531599014e-05	0.22690583901003	0.00815551100522108	0	2.09923063197028e-05
157	0	5.72237879287485e-05	0.70061944750437	0	0	0	0	0.000515014091357536	0.203859744495817	0.000615155720232446	0.00114447575856897	0.0025607645098077	0	0	0.0902276076164188	0.000400566515499639	0	0
158	0	0.000105588511970048	0.627474130815286	0	0	0	0	0.000854307051393389	0.257031235001117	0.00645049818580294	0	0.00106548407533049	0	4.79947781681218e-05	0.105290944345048	0.00167021828025076	0	9.59895563363437e-06
159	0	0.00070310234850491	0.437641345317321	8.69817338357651e-05	0	0	0	0.00780661061175789	0.248775007248614	0.000130472600753798	2.8993911278555e-05	0.00017396346767173	0	0.000101478689474843	0.296122064366541	0.00841548274860695	0	1.44969556392775e-05
160	0	0.000645186984745943	0.455207296188381	0	0	0	0	0.00362419849456153	0.457310127842871	5.57568999163543e-05	7.96527141661633e-06	0.00172846389740288	0	1.59305428332727e-05	0.0669321757138403	0.014472898164031	0	0
161	0	0.00131197277657059	0.397722497258178	0.000573988089747256	0	0	0	0.00294168895995132	0.563543556471252	6.14987239015275e-05	0	4.09991492676183e-05	0	1.02497873169046e-05	0.0205098244211092	0.0132837243627059	0	0
162	0	0.00122136339049957	0.414111981574854	0	8.72402421788691e-06	0	8.72402421788691e-06	0.00303596042782893	0.551323434473805	0	0	0.0016924606982694	0	8.72402421788691e-06	0.0159911363913943	0.0125974909706955	0	0
163	0	0.00360127556630001	0.475313393446001	0.00195183637563	0	0	1.3745326589e-05	0.00131955135254	0.486763250495001	0	0.00203430833517	0.0123158126237	1.3745326589e-05	0	0.00426105124258001	0.0124120299099	0	0
164	0	0.00124704697726354	0.534657836644804	7.74563339917922e-06	0	0	0	0.00271871732311269	0.43768250648677	0	0	0.0012315557104666	0	0	0.00962782231517724	0.0128112776422081	0	1.54912667983384e-05
165	0	0.000577959513935228	0.585342946726218	0	0	0	0	0.00125706194280832	0.395150919678472	0	0	0.00447918623300401	0	0	0.00892947449028807	0.0042624514152743	0	0
166	0	0.000981695724031999	0.570750438034999	0	0	0	1.24265281523e-05	0.00111838753371	0.414971481118	0	0	1.24265281523e-05	0	0	0.00162787518795	0.0105004162887	0	2.48530563046e-05
167	0	0.00117937171651999	0.490028948214995	0	0	0	0	0.00152782245094998	0.409617240269996	0	0.000348450734426996	0.000482470247668995	0	0	0.0330224080626996	0.0637128765947993	0	8.04117079446991e-05
168	0	0.0224925590778857	0.129541958809918	0	0	0	1.99756297316873e-05	0.00441461417070719	0.429496014861727	0	0.00105870837577933	0.000639220151415594	0	1.99756297316873e-05	0.28261520944482	0.129282275623918	0	0.000419488224365733
169	0	0.0104086162953038	0.101389459837037	0	0	0	0.000131546493464048	0.0051631998684619	0.714593439118263	0	1.64433116830061e-05	0.00182520759681067	0	0	0.0146509907095054	0.151738880211056	0	8.22165584149303e-05
171	0.000589767533296865	0.00358775249421918	0.417391589259904	0.00113038777214974	0	0	0	0.00206418636653953	0.529005094935879	0	0.000409560787011906	0.00276863092019937	0	0	0.0160711652823963	0.0224603135597949	0	0.00452155108860897
172	0	0.000864373409311972	0.454500344148985	0.000720311174426977	0	0	0	0.000800345749363974	0.524210458917983	0	0	0.000400172874681987	0	1.60069149872995e-05	0.00158468458373995	0.00526627503081983	0	0.0116370271956996
175	0	0.00110404392727015	0.470908931031065	0	0	0	0	0.000595988314721082	0.518246035701071	0	0.00014655450362002	0.000332190208205046	0	9.77030024133134e-06	6.83921016893094e-05	0.00847085030922116	0	0.000117243602896016
176	0	0.000823392583291948	0.375508187609976	0	0	0	0	0.00125567368951992	0.608651797568961	0	0	3.0877221873398e-05	0	1.02924072910993e-05	0.000247017774986984	0.0134727611440991	0	0
177	0	0.00109245439607987	0.513568976107939	4.67158740539944e-06	0	0	4.67158740539944e-06	0.000835499662366901	0.473507213478944	0	0.000130804447350984	0.000555918901239934	0	0	0.00101366476128988	0.00631121133314925	0.00058752214864993	0.00238739158817972
178	0	0.00116813584986984	0.478643664485936	0	0	0	0	0.00116813584986984	0.506300362337932	0	0	0.000324482180519956	0	0	0.00022713752636397	0.00800389378616893	0	0.00416418798333944
179	0	0.00291330704490173	0.465540580307277	0	0	0	0	0.000397269142487236	0.507783532458302	0	1.47136719440088e-05	1.47136719440088e-05	0	0	0.0010152433641306	0.00903419457360538	0	0.0132864457654079
182	0	0.00240961286263925	0.54503097312083	0	0	0	0.00145003251910955	0.00131142646948959	0.430051923958866	0	0.00067170624047079	0.00116215841604964	0	0	0.00067170624047079	0.00728214860700773	0	0.00995831156506689
183	0	0.00203593480557938	0.573721978082825	0	0	0	0	0.000567391667129827	0.406519441508876	0	4.45013072258864e-05	0.00179117761584945	0	0	0.000411637091839874	0.00758747288201768	0	0.00732046503865776
184	0	0.00527923552909827	0.600673611655751	0.00026631158455418	0	0	4.69961619801258e-05	0.000563953943760909	0.34741129474356	0	0.00634448186731899	0.0146628025377816	0	0	0.00452729693741305	0.00924257852276742	0	0.0109814365160145
185	0	0.00299303734515416	0.501437743014697	9.94664978752383e-05	0	0	9.04240889774258e-06	0.00292069807397406	0.462537299936643	9.04240889774258e-06	0	0.00198932995750277	9.04240889774258e-06	3.61696355909503e-05	0.00268559544263374	0.0115742833891161	0	0.0136992494801191
186	0	0.000397354752646986	0.899951749779969	0	0	0	0	0.000227059858655992	0.0828484659268971	0	0	0.00718076802996975	0.000823091987624971	0	0.0055913490193898	0.000255442340986991	0	0.0027247183038599
189	0	0.00089880675654838	0.529087246242224	0	0	0	0	0.00130172013017055	0.443576631024188	0	0	0	3.09933364327131e-05	0	0.000185960018596079	0.0232759956609099	0	0.0016426468309307
190	0	0.00193555324564007	0.773325208789026	0	0	0	0	0.000430122943475015	0.198250833363007	0	3.58435786229012e-05	0.000967776622818033	0	0	0.0158070181727005	0.00508978816445017	0	0.00415785512026014
191	0	0.00165276838705046	0.558729622117154	0	0	0	3.75629178875104e-05	0.000845165652468233	0.414807302231114	0	0	1.87814589437052e-05	0	0	7.51258357749207e-05	0.0127526106228035	0	0.0110810607768031
192	0	0.00155264434740094	0.51368267831131	4.85201358564292e-05	0	0	0	0.000921882581271556	0.46448326055328	0	0	0	0	0	0	0.0150412421155091	0	0.00426977195537257
193	0	0.00116804031707893	0.603325633891448	0.000459341697726579	0	0	1.3124048506488e-05	0.000721822667856339	0.373536668591658	2.6248097012976e-05	0.000892435298439183	0.00279542233187744	0	1.3124048506488e-05	0.00112866817155897	0.0158276024987855	0	9.18683395453159e-05
194	0	0.00053902343822591	0.53943235255891	0	0	0	0	0.000966524785784839	0.432631363728928	0	0	0.00353153287112941	0.000297392241779951	0	0.00249066002490959	0.0198881061689967	0	0.000223044181334963
195	0	0.000807412818639672	0.554731054634775	0	0.000826636933368664	0	0	0.0014802568341694	0.425891037717827	0	0	0.00261447960321894	0	0	0.000845861048098657	0.012341881656395	0	0.000461378753507813
196	0	0.00107053092128022	0.439274521364089	1.55149408881032e-05	0.00121016538927025	0	0	0.00192385267012039	0.519812579514106	0	0.00187730784746038	0.0073851118627315	0	0	0.00153597914792031	0.0258013466968052	0	9.30896453285189e-05
197	0	0.00148457434469856	0.472860125260543	0	0	0	0.000185571793087821	0.00197170030155809	0.489607979587527	0	0	0.00306193458593704	0.000463929482718551	0	0.00211087914636796	0.0277429830665732	0	0.000510322430989506
198	0	0.000931164378730423	0.575431368952644	0	0	0	0	0.000550233496521659	0.407624261064748	0	4.23256535785738e-05	0.000211628267892869	5.64342047714651e-05	0	0.000211628267892869	0.0126130447663922	0	0.00232791094682856
199	0	0.001202477102834	0.497124075595713	2.00412850472e-05	0	0	0	0.0019840872196716	0.479026795198118	0	0	0.000891837184600802	0	1.00206425236e-05	0.000360743130849201	0.0107922319979184	0	0.00858769064272442
200	0	0.00106004590611942	0.481611269777736	0	0	0	0	0.00158568850419913	0.49258843936673	0	0	2.62821299037856e-05	0	0	7.00856797434616e-05	0.0137893574894925	0	0.00926883114607493
201	0	0.00113528633793991	0.486675015507962	0	0	0	0	0.000830982783441936	0.485247129597963	0	0.000175559742979986	0.00110017438934992	0	0	0.000924614646364929	0.0121136222656991	0	0.0117976147282991
203	0	0.00439900797880969	0.441505538036969	0.000527432079091962	0	0	0	0.00117830570860992	0.511822333942964	0	0	0.000516210119962963	0	2.24439182591984e-05	0.000392768569536972	0.0246097563712982	0	0.0150262032744989
204	0	0.00194076119519906	0.438651105842789	0	0.000234454372573887	0	0	0.00205798838147901	0.486779378435765	0	0	0.000351681558860831	0	0	0.000794539818166617	0.0118529710578943	0	0.0573371193372724
205	0	0.00214051372328943	0.470202848683874	0	0	0	2.00048011522946e-05	0.00093022325357975	0.480435304472871	0	0	0	0	2.00048011521946e-05	0.000170040809793954	0.018614467472195	0	0.0274665919820926
206	0	0.00183675221010958	0.446330787056899	0	0	0	0	0.000772465882756825	0.513912968843883	0	0.000205990902067953	0.000909793150801794	0	0	0.00415414985838906	0.0101622178353977	0	0.0217148742596951
208	0	0.00122949712216988	0.464168941010956	0	0	0	2.70219147728975e-05	0.00183749020455983	0.500621504039953	0	0	0.000864701272731919	0	0	4.05328721591962e-05	0.0229416056421978	0	0.00826870592049922
210	0	0.00181960477402087	0.551985912737265	0	0	0	0.000860888280180413	0.0014674232048507	0.410037174721197	0	0	0.00946977108198454	0	0	0.00831539816083399	0.0136372529837065	0	0.00240657405596115
211	0	0.00217176702863114	0.586087528792308	0.000868706811451457	0	0	0	0.00110562685094058	0.376176373807198	0	0.000605462323133319	0.00397499177361209	0	0	0.0011319512997706	0.0180059230010095	0	0.00987166831194519
212	0	0.00263544557688093	0.410698043240145	1.16612636145041e-05	0	0	0	0.00109615877977039	0.543065046528192	0	0	0.000536418126268189	0	0	1.16612636145041e-05	0.0298644961168105	0	0.0120810691047043
213	0	0.00225493904390816	0.484433646600604	1.45479938316881e-05	0	0	0	0.000698303703918429	0.481160347987607	0	0.000218219907474822	0.00213855509324825	0	0	1.45479938316881e-05	0.0180104163635853	0	0.011056475311991
214	0	0.00109006030877056	0.519627009798267	0	0	1.18484816171061e-05	0	0.000367302930129188	0.44904560480623	0	0	4.73939264684243e-05	0	0	7.10908897025365e-05	0.0151897534331078	0	0.0145499354257075
215	0	0.000158425880451799	0.651280873243173	0	0	0	1.58425880451799e-05	0.000182189762519769	0.316012103737599	0	0	7.92129402257994e-06	0	7.92129402257994e-06	2.37638820677698e-05	0.00190903185943758	0	0.0304019264586614
217	0	0.00301204819275806	0.441427247451716	4.63392029656702e-05	0	0	0	0.000556070435588643	0.472937905467696	0	0	0	0	0	0.000231696014827851	0.0593605189990618	0	0.0224281742353856
225	0	0.000774728360868632	0.616335147488503	0.000290523135326237	0	0	0	0.000522941643586427	0.352249617478287	0	0	0.00187871627511153	0	0	0.000619782688694506	0.017218337820314	0	0.0101102051093083
228	0	0.00199526928089916	0.387355785476837	0	0	0	0	0.00296072215874875	0.49841504819179	0	0	0.000498817320224789	0	0	0.000353999388546851	0.0713630585546699	0	0.0370572996282844
229	0	0.167786945302932	0.140613551654943	0	0.000318562645343871	0	0	0.00404574559586836	0.63941894173474	0	0.000334490777610864	0.00301041699849878	0.000621197158421748	0	0.000748622216558696	0.0431015259150825	0	0
230	0	0.132124529593126	0.176154635648168	0	0	0	0	0.00530277112555507	0.653540882654625	0	0	0.00220663701677211	0.000803968525487768	1.71057133082163e-05	0.000684228532329654	0.0291652411906279	0	0
231	0	0.0959033613444685	0.202415966386722	0	0	0	0	0.00462184873949366	0.637920168067125	0	0	0.000945378151259704	0.00220588235293698	0	0.00115546218486842	0.0548319327731248	0	0
232	0	0.00179028455437935	0.471727372442829	1.26076377068954e-05	0	0	1.26076377068954e-05	0.000680812436172754	0.459800547170834	0	0.000214329841017922	0.00132380195922952	0	0	0.00099600337884664	0.0243957789628912	0	0.0390458539783859
233	0	0.000628327278542435	0.568419128567393	0	0	0	0	0.000148513720383103	0.414524641853287	0	0	0	0	0	0.000845385792949585	0.0153311855964106	0	0.000102817191034071
241	0	0.000395128771453416	0.417894267593866	1.01315069603953e-05	0	0.0512755567263065	0.000121578083523743	0.00070920548722467	0.519644991995614	1.01315069603953e-05	0	1.01315069603953e-05	0.000121578083523743	2.02630139206906e-05	7.0920548722567e-05	0.0086016494093296	0	0.00111446576563348
242	0	0.0013133701076997	0.459262349541894	0	0	0.0331741837790923	0.000463542390951893	0.00200868369411954	0.47777314235389	0	1.54514130316964e-05	0.00139062717284968	0.00069531358642684	0	0.00134427293375969	0.0186653069422957	0	0.0038937560839891
252	0	0.160294085275953	0.165929252239952	0	0	0.00123269277333964	0	0.00242136080477929	0.576614057099832	0	0	0.00363204120715894	0.00807854013955764	0	0.000110061854761968	0.0751062096898781	0	0.00658169891478808
318	0	0.0524318146543932	0.221071494080971	1.41097456012982e-05	0	0.000790145753671897	0	0.00234221776980969	0.679878091797911	0	0.000126987710411983	0.00166494998094978	0.00435991139079943	0	0.000296304657626961	0.0363890339057953	0	0.000634938552057917
