Timepoint	Archaea	Bacteria
0	0.0	1.0
1	0.0	1.0
2	0.0	0.999999999999
3	0.0	1.0
4	0.0	1.0
5	0.0	1.0
6	0.0	1.0
7	0.0	1.0
7	0.0	1.0
8	0.0	1.0
9	0.0	1.0
10	0.0	0.999999999999
11	0.0	1.0
12	0.0	1.0
13	0.0	1.0
14	0.0	1.0
15	0.0	1.0
16	1.00646148272e-05	0.999989935385
17	0.0	1.0
18	0.0	1.0
19	0.0	1.0
20	0.0	1.0
21	0.0	1.0
22	0.0	1.0
23	0.0	1.0
24	0.0	1.0
25	0.0	0.999999999999
26	0.0	1.0
27	0.0	1.0
28	0.0	1.0
29	9.98677750658e-06	0.999990013223
30	0.0	1.0
32	0.0	1.0
33	0.0	1.0
34	0.0	1.0
35	0.0	1.0
36	0.0	1.0
37	0.0	1.0
38	0.0	1.0
39	0.0	1.0
40	0.0	1.0
41	0.0	1.0
42	0.0	1.0
43	0.0	1.0
44	0.0	1.0
44	0.0	1.0
45	0.0	1.0
46	0.0	1.0
47	0.0	1.0
49	0.0	1.0
50	0.0	1.0
51	0.0	1.0
52	0.0	1.0
53	0.0	1.0
54	1.18501664948e-05	0.999988149833
55	0.0	1.0
56	0.0	1.0
57	0.0	1.0
58	0.0	1.0
59	0.0	1.0
60	0.0	1.0
61	0.0	1.0
63	0.0	1.0
64	0.0	1.0
65	0.0	1.0
66	0.0	1.0
67	0.0	1.0
68	0.0	1.0
69	0.0	1.0
70	0.0	1.0
72	0.0	1.0
73	0.0	1.0
74	0.0	1.0
74	0.0	1.0
75	0.0	1.0
76	0.0	1.0
77	0.0	1.0
78	0.0	1.0
79	0.0	1.0
79	0.0	1.0
80	0.0	1.0
81	2.95292302468e-05	0.99997047077
82	0.0	1.0
84	0.0	1.0
84	0.0	1.0
84	0.0	0.999999999999
85	0.0	1.0
87	0.0	1.0
88	0.0	1.0
89	0.0	1.0
90	0.0	1.0
91	0.0	1.0
96	0.0	1.0
97	0.0	1.0
98	0.0	1.0
99	0.0	1.0
100	0.0	1.0
101	0.0	1.0
102	0.0	1.0
103	0.0	1.0
105	0.0	1.0
106	0.0	1.0
106	0.0	1.0
107	0.0	0.999999999999
108	0.0	1.0
112	0.0	1.0
113	0.0	1.0
114	0.0	1.0
115	0.0	1.0
116	0.0	1.0
117	0.0	1.0
118	0.0	1.0
119	0.0	1.0
120	0.0	1.0
120	0.0	1.0
122	0.0	1.0
123	0.0	1.0
124	0.0	1.0
125	0.0	1.0
126	0.0	1.0
127	3.63006711994e-06	0.999996369933
128	0.0	0.999999999999
129	0.0	1.0
134	0.0	1.0
135	0.0	1.0
136	0.0	1.0
138	0.0	1.0
139	0.0	1.0
140	0.0	1.0
141	0.0	1.0
142	0.0	1.0
143	0.0	1.0
144	0.0	1.0
146	0.0	1.0
147	0.0	1.0
148	0.0	1.0
149	0.0	1.0
150	0.0	1.0
151	0.0	1.0
152	0.0	1.0
153	0.0	0.999999999999
154	0.0	1.0
155	0.0	1.0
156	0.0	1.0
157	0.0	1.0
158	0.0	1.0
159	0.0	1.0
160	0.0	0.999999999999
161	0.0	1.0
162	0.0	1.0
162	0.0	1.0
163	0.0	1.0
164	0.0	1.0
165	0.0	1.0
166	0.0	1.0
167	0.0	1.0
168	0.0	1.0
169	0.0	1.0
170	0.0	1.0
171	0.0	1.0
172	2.84005384742e-06	0.999997159946
173	0.0	1.0
174	0.0	0.999999999999
175	0.0	1.0
176	0.0	1.0
177	0.0	1.0
178	0.0	1.0
179	0.0	1.0
180	0.0	1.0
181	0.0	1.0
182	0.0	1.0
183	0.0	1.0
184	0.0	1.0
185	0.0	1.0
186	1.21900180006e-05	0.999987809982
187	1.31800927879e-05	0.999986819908
189	0.0	1.0
190	4.10864911726e-06	0.999995891351
191	0.0	1.0
192	0.0	1.0
193	0.0	1.0
194	0.0	1.0
195	0.0	1.0
196	0.0	1.0
197	0.0	1.0
198	0.0	1.0
199	0.0	1.0
200	0.0	1.0
201	0.0	1.0
202	0.0	1.0
203	0.0	1.0
204	0.0	1.0
205	0.0	1.0
206	0.0	1.0
207	0.0	1.0
209	0.0	0.999999999999
210	0.0	1.0
211	0.0	1.0
212	0.0	1.0
213	0.0	1.0
214	0.0	1.0
215	0.0	1.0
216	0.0	0.999999999999
217	0.0	0.999999999999
218	0.0	1.0
219	0.0	1.0
220	0.0	1.0
221	0.0	1.0
222	0.0	1.0
223	0.0	1.0
224	0.0	1.0
225	0.0	1.0
226	0.0	1.0
227	0.0	1.0
228	0.0	1.0
232	0.0	1.0
233	0.0	1.0
234	0.0	1.0
235	0.0	1.0
236	0.0	1.0
237	0.0	1.0
238	0.0	1.0
239	0.0	1.0
240	0.0	1.0
241	0.0	1.0
242	0.0	1.0
243	0.0	1.0
244	0.0	1.0
245	0.0	1.0
246	0.0	1.0
247	0.0	1.0
248	0.0	1.0
249	0.0	1.0
250	0.0	1.0
251	0.0	1.0
252	0.0	1.0
253	0.0	1.0
254	0.0	1.0
255	0.0	1.0
256	0.0	1.0
257	0.0	1.0
259	0.0	1.0
260	0.0	1.0
261	0.0	1.0
262	0.0	0.999999999999
263	0.0	0.999999999999
264	0.0	1.0
265	0.0	1.0
266	0.0	1.0
267	0.0	1.0
268	0.0	1.0
269	0.0	1.0
271	0.0	1.0
272	0.0	1.0
273	0.0	1.0
274	0.0	1.0
275	0.0	1.0
276	0.0	1.0
277	0.0	1.0
277	0.0	1.0
279	0.0	1.0
280	0.0	1.0
281	0.0	1.0
282	0.0	1.0
283	0.0	1.0
284	0.0	1.0
285	0.0	1.0
286	0.0	1.0
287	0.0	1.0
288	0.0	1.0
289	0.0	1.0
290	0.0	1.0
291	0.0	1.0
292	0.0	1.0
293	0.0	1.0
295	0.0	1.0
296	0.0	1.0
297	0.0	1.0
298	0.0	1.0
299	0.0	1.0
300	0.0	1.0
301	0.0	1.0
302	0.0	1.0
303	0.0	0.999999999999
304	0.0	1.0
305	0.0	1.0
306	0.0	1.0
307	4.34548330465e-06	0.999995654517
308	0.0	1.0
309	0.0	1.0
310	0.0	1.0
311	0.0	1.0
312	0.0	1.0
313	0.0	1.0
314	0.0	1.0
315	0.0	1.0
316	0.0	1.0
317	0.0	1.0
318	0.0	1.0
322	0.0	1.0
323	0.0	1.0
324	0.0	0.999999999999
325	0.0	1.0
326	0.0	1.0
327	0.0	1.0
328	0.0	1.0
329	0.0	1.0
330	0.0	1.0
331	0.0	1.0
332	0.0	1.0
333	0.0	1.0
334	0.0	1.0
335	0.0	1.0
336	0.0	1.0
337	0.0	1.0
338	0.0	0.999999999999
339	0.0	1.0
340	0.0	1.0
341	0.0	0.999999999999
342	0.0	1.0
343	0.0	1.0
344	0.0	1.0
345	0.0	1.0
346	0.0	1.0
347	0.0	1.0
348	0.0	1.0
349	0.0	1.0
350	0.0	1.0
351	0.0	1.0
352	0.0	1.0
353	0.0	1.0
354	0.0	1.0
355	0.0	1.0
356	0.0	1.0
357	0.0	1.0
358	0.0	1.0
359	0.0	1.0
360	0.0	1.0
361	0.000158142771294	0.999841857229
364	0.0	1.0
