TimePoint	Actinobacteria	Bacteroidetes	Cyanobacteria	Firmicutes	Fusobacteria	Proteobacteria	Tenericutes
1	0.0292145176742855	0.292294484328925	0.000447922758208807	0.643241965385525	0	0.00971743539336328	0.0250836744596932
2	0.0702815383152088	0.234742081734885	0.000229859547890048	0.650312291937478	0	0.00733172695856187	0.0371025015059763
3	0.0632915745939486	0.252830967386912	6.01876133891645e-05	0.647997042208713	0	0.00742887113831973	0.0283913570587173
4	0.144125683060109	0	0.0846994535519126	0.0546448087431694	0	0.716530054644809	0
5	0.0786032931183587	0.263612155254348	0.000188373905076677	0.651628149911379	0	0.00136999203692129	0.00459803577391706
6	0.0766334282478919	0.264042040919535	0.000252861179212612	0.643878010971976	0	0.00285293373937708	0.0123407249420068
7	0.0193757284108425	0.485539869919922	1.4098274371217e-05	0.456050979360126	4.69942479040565e-06	0.019822173765931	0.0191924508440167
8	0.0394787608276279	0.146442485909899	0.000185346294965389	0.750966448538034	0	0.00744032984075349	0.0554866285887204
9	0.0756652038662371	0.127777469170092	6.94367292523053e-06	0.687368070214421	5.55493834018442e-05	0.0155677146983668	0.0935590489945562
10	0.093673485506674	0.221254852879527	6.07559252216072e-06	0.625658442339589	0	0.00930780774395023	0.0500993359377373
11	0.104225128233345	0.109354462031314	6.11362788792497e-06	0.740317541832499	0	0.00405333528969426	0.04204341898526
12	0.0876912729107113	0.310920071744857	0	0.562790762849616	0	0.00217196345496329	0.036425929039852
13	0	0	0	1	0	0	0
14	0.045201932489185	0.426758028355805	0.000907827844264107	0.483966970854779	0	0.0247402822949888	0.0184249581609776
15	0.0549823309036481	0.233812185033965	8.85668990071651e-06	0.668263823078763	0	0.00292713601218681	0.0400056682815365
16	0.0161185821968679	0.340418134985225	0	0.596466553941941	0.000260741770831687	0.0163951264992652	0.0303408606058691
17	0.0659142932605538	0.229948936919488	1.10049742483603e-05	0.589321873486816	5.50248712418013e-05	0.0888431571070124	0.02590570938064
18	0.0577320832767185	0.375127698013698	0	0.533307164676339	5.03243403737085e-06	0.0129232906079684	0.0209047309912385
19	0.0728138574142214	0.284773050304858	1.32835642459585e-05	0.56108447018504	6.64178212297924e-06	0.0219909406091843	0.0593177561403276
20	0.100142135587198	0.255184141729486	0	0.623918119749232	0	0.00639610142389401	0.0143595015101906
21	0.12878664495114	0.0728013029315961	0	0.692589576547231	0	0.0938110749185668	0.0120114006514658
22	0.0873387482083134	0.241350533524447	0	0.644204491161013	0	0.0064914795349578	0.0206147475712693
23	0.0310536044362292	0.321677029070744	0.000974626113258276	0.589463955637708	0	0.00851957654175769	0.0483112082003025
24	0.0776423056757785	0.212587254428259	2.57008625209462e-05	0.673804652884151	4.62615525377032e-05	0.00363924213296598	0.0322545824637875
25	0.0312434131459739	0.224406027549228	5.9166127392068e-05	0.64154941296108	1.10936488860128e-05	0.0215660534344088	0.0811648331330313
26	0.0560130239412537	0.31626197771193	6.29784393312949e-06	0.565933702596916	0	0.00633877991869483	0.0554462179872721
27	0.0639119888022598	0.284738012147775	3.80013807168327e-05	0.575201565656886	0	0.0121351075755752	0.0639753244367879
28	0.128335456740407	0.00420078224534707	4.45470015413263e-06	0.812742224320881	0	0.00584902130237614	0.0488680606908349
29	0.0762513904338153	0.278082790402034	0.000194660734149054	0.610452089623391	4.76720165262991e-05	0.0129707611631972	0.022000635626887
30	0.0805161752714162	0.0844141834842928	0	0.795661728945819	0	0.00107871709455778	0.0383291952039141
31	0.0382378203463636	0.22079979226175	1.398238219843e-05	0.555242394582826	1.99748317120428e-06	0.00665561392645267	0.179048399017238
32	0.0974529872509693	0.144521604076114	2.79338972256053e-06	0.688953261003162	2.79338972256053e-06	0.0047347955797401	0.0643317653105691
33	0.0412284812217212	0.217572996765942	3.84092428001874e-06	0.648624565015325	0	0.000710570991803468	0.0918595450809283
34	0.0752256493562483	0.191594151913665	0	0.678044843606113	0	0.00113816259169969	0.0539971925322738
35	0.0910852008911724	0.305472547808269	1.11815861639053e-05	0.568262185832371	0	0.00412600529448105	0.031042878587542
36	0	0	1	0	0	0	0
37	0.0472482129365956	0.274022845999367	0	0.647243047080323	1.93719610236144e-05	0.0137992935691547	0.0176672284535364
38	0.0670941721361295	0.272466417576411	4.71166939158213e-06	0.592313382554573	0	0.0211318372212459	0.0469894788422486
39	0.0799651892006803	0.201975712159864	0	0.676518654336735	0	0.00518840348639456	0.0363520408163265
40	0.0640114833730328	0.343589316857189	0	0.568787554131691	0	0.00818259672626787	0.0154290489118187
41	0.0710670583820689	0.301529337470141	3.66089161015165e-05	0.59034622882403	9.15222902537913e-06	0.00744076219763323	0.029570851981
42	0.156695401311948	0.20086203935845	8.58604938695607e-05	0.619603667960298	1.71720987739121e-05	0.0125528042037298	0.0101830545729299
43	0.113395147262596	0.129425985435891	7.37050030956101e-06	0.727763200566054	7.37050030956101e-06	0.00885197087178278	0.0205489548630561
44	0.10246187857569	0.24582710887673	0	0.595304717020401	0	0.005869103724499	0.0505371918026797
45	0.0964003631411711	0.0513254652746255	4.53926463912846e-06	0.734462097140263	4.53926463912846e-06	0.0100453926463913	0.107757603268271
46	0.0663503058880304	0.0194943924716859	1.50807574561778e-05	0.699309804000422	4.02153532164742e-05	0.0397930920077012	0.174997109521488
47	0.0458055294559179	0.165215585964221	5.32343883501864e-06	0.71511350902456	0.000143732848545503	0.00852548729428236	0.0651908319736383
48	0.07860324290843	0.0782405652880842	4.07502944208772e-06	0.784487992925749	8.15005888417544e-06	0.00626332025248882	0.0523926535369218
49	0.108491389239866	0.0494272291292905	0	0.691565852943435	0	0.0078812713349296	0.142634257352479
50	0.0902410738050876	0.207260732347238	0	0.677440206851972	0	0.00403057150461995	0.0210274154910833
51	0.114640177186808	0.24395998453131	1.95311737063527e-05	0.622274912988621	3.90623474127054e-06	0.00938668208327311	0.00971480580153984
52	0.105354832748106	0.199824431713177	4.62021807429311e-06	0.678973387543892	0	0.00257808168545555	0.0132646460912955
53	0.106603133530034	0.140721690149734	3.15561936919169e-06	0.715277931175942	0	0.00681929345682324	0.0305747960680983
54	0.0710942997233815	0.0785514573661304	3.72299432987964e-06	0.710131384469901	3.72299432987964e-06	0.0327809650745902	0.107434447377337
55	0.085583423692459	0.306332249023825	1.18503771382524e-05	0.582096450219528	0	0.00894703473938058	0.0170289919476687
56	0.0804280576071994	0.211479995855597	2.96028773996833e-06	0.670854487056142	0	0.00665768712718876	0.0305768120661328
57	0.105081164945986	0.125675686827924	2.47579906414795e-05	0.710872058957028	4.12633177357992e-06	0.00420679524316473	0.0541354097034818
58	0.0716715685995642	0.115487453137711	4.55111758381168e-05	0.734237488693317	2.8444484898823e-06	0.00380587207946251	0.0747492618656169
59	0.10997377934392	0.273247684557724	0	0.564785417343206	0	0.00406862995059137	0.0479244888045582
60	0.162167058224122	0.108236859237454	0.000234934473095757	0.623799145178182	2.83053582043081e-06	0.0541736250672252	0.0513855472841009
61	0.0973252355870866	0.231786042734124	2.98589463375016e-05	0.619122266413463	5.97178926750033e-06	0.0216208630429849	0.0301097614867367
62	0.0684435856634084	0.319149238463287	9.47184966280215e-06	0.5905224672274	0	0.00630825187542623	0.0155669849208153
63	0	0.384615384615385	0	0.615384615384615	0	0	0
64	0.0301042652903134	0.238441926934161	5.93596870557298e-06	0.63500025227867	2.96798435278649e-06	0.0184222788777458	0.0780223726660513
65	0.0684572672434467	0.226137111303781	0	0.621790969519207	4.30432830956729e-05	0.0102320032958857	0.0733396053545844
66	0.0806329647443844	0.1160249417365	6.19824465711311e-06	0.722138890266277	0	0.00295656270144295	0.0782404423067387
67	0.0641271399481305	0.279995754926607	1.3265854354185e-05	0.582914906177245	0	0.00497469538281939	0.0679742377108442
68	0.0202378334307767	0.354475870688129	0	0.581206116942816	0	0.0124548765508252	0.0316253023874529
70	0.0111726169315931	0.204966736072317	0.000253923112081662	0.714031791173633	0	0.0428114366969682	0.0267634960134071
71	0.0589367039283018	0.388385572684542	0	0.483305326221962	0	0.0158788144467987	0.0534935827183946
72	0.0464358321983328	0.133715705344554	3.99413660746025e-06	0.735727951367393	3.99413660746025e-06	0.0267886742262359	0.0573238485902695
73	0.0102109804258242	0.452143071771978	0	0.44243646978022	0.000193166208791209	0.0714339371565934	0.0235823746565934
74	0.00647126669542785	0.356597610473767	0	0.464531295397917	8.80444448357531e-06	0.122874827212777	0.0495161957756275
75	0.00358948627889922	0.612327762553553	1.54386506619321e-05	0.376417461113899	0	8.49125786406268e-05	0.00756493882434675
76	0.0189046969401676	0.212044435782499	0.00321574741765738	0.637156499707659	0	0.0991034885987137	0.0295751315533034
77	0.0231780881473833	0.279278300092386	0	0.610048366936579	0	0.052089560349981	0.0354056844736699
78	0.00738253648266514	0.126459478612661	3.44013815594834e-05	0.704946230640623	0.000206408289356901	0.0971701423529169	0.063800802240218
79	0.00171170514968315	0.397261271760507	0	0.49868890669386	0	0.0890086677835239	0.0133294486124263
80	0.00449202228509757	0.0985036315374967	0	0.671644838549719	0	0.176501473033282	0.0488580345944054
81	0.00274425773467163	0.3619788729747	0	0.470696590353746	0.0471410849216195	0.11176271568738	0.00567647832788241
82	0.00242485929828763	0.218057717638606	5.98730690935217e-05	0.377709256376482	0.000119746138187043	0.374266554903604	0.0273619925757394
83	0.00659329287673055	0.0285241224341964	0	0.558352859434248	8.13074233677535e-05	0.290223151919225	0.116225265912232
84	0.000964955175224124	0.262617766911165	0	0.367158924205379	0.0028361858190709	0.301405052974735	0.0650171149144254
86	0.0268193359842859	0.0694773151918747	2.87452690078091e-05	0.601724716140469	0.000258707421070282	0.120634312269439	0.181056867723854
87	0.0382597931222593	0.256047921780911	4.19630305700678e-05	0.684941566479931	0	0.00340949623381801	0.0172992593525104
88	0.000732960816777042	0.294106995033113	8.62306843267108e-06	0.260157974613687	0.0125034492273731	0.38520108995585	0.0472889072847682
89	0.000209363795765617	0.37139828845097	0	0.357959749810264	0.0234749156002198	0.225864279919395	0.0210934024233859
90	0.000813362381989833	0.388206245461147	0	0.320392156862745	0.0352214960058097	0.245127087872186	0.010239651416122
91	0.00135817215072821	0.426234877090237	9.6324266009093e-06	0.340371426369731	0.0188602912845804	0.20148146721122	0.011684133466903
92	0	0.00885739592559787	0	0.0159433126660762	0.000885739592559787	0.972542072630647	0.00177147918511957
93	0.0215872820070004	0.136462461258539	2.31292307217862e-05	0.59341125314172	0.0011795907668111	0.146284674571724	0.101051609023484
94	0.0111410517026742	0.297522810003309	2.36373091287288e-05	0.4892213870373	0.00118186545643644	0.156904457996502	0.0440047904946501
95	0.00206906308579243	0.308750191579915	1.17895332523785e-05	0.486459721059643	0.00176253522123059	0.17192086865281	0.029025830867356
96	0.0032667454265564	0.492616260337236	0	0.406284681201446	9.8449862170193e-05	0.0606630150717789	0.0370708481008127
97	0.00481133584097562	0.405487147753899	0.000368498265277034	0.480667746667872	6.95279745805725e-05	0.0827591481432554	0.0258365953541407
98	0.00901372935888724	0.341129949978305	0	0.540930190671895	0.000352034843262626	0.0658550762605713	0.0427190188870787
99	0.00861864644157635	0.472425718040982	0	0.431664907026352	0.0010557841890931	0.0621727607679214	0.024062183534076
100	0.0212406115814459	0.369161634328104	4.87393565430149e-06	0.465797156545939	0.000350923367109707	0.119640498506139	0.0238043017356085
101	0.0485188822934905	0.198089706908087	0	0.537778821653784	0.000185050746608589	0.136062120112169	0.0793654182858607
102	0.016589631669327	0.446339009463579	9.83425497953718e-05	0.393975384103305	3.02592460908836e-05	0.116641828868834	0.0263255440990688
103	0.00135625948232265	0.13028136637396	0	0.416084317962393	0.00173555238839594	0.447600110339754	0.00294239345317457
104	0.0616264807462638	0.251089377360318	0	0.653053484393661	0	0.00854556018204706	0.0256850973177109
105	0.00128666221440694	0.334029764785893	0.000220570665326904	0.327412644826086	0.00057593451502025	0.307579665835442	0.0288947571578244
106	0.00154696561723281	0.110125828500414	7.11992543496272e-05	0.252614954432477	0.000427195526097763	0.634508336785418	0.000705519884009942
107	0.00384913432714073	0.428752778514183	0.00025490955808879	0.302332932275629	0.0525827436425556	0.19984399535045	0.0123835063319534
108	0.00334968414929461	0.263203474521159	0	0.605619626207929	0.0116863127003683	0.0991571867881921	0.0169837156330576
109	0.0020750376254352	0.299756818713067	0.000110723351554843	0.276545923535274	0.0450151937043522	0.367523610729503	0.00897269234081468
110	0.00434544957638699	0.547362667395463	0	0.304454769062585	0.0286417053839847	0.106805138015851	0.00839027056572834
111	0.0363871245559264	0.272939318907669	0	0.489539598808627	0.00330139591631679	0.186815947177665	0.0110166146337962
112	0.0323837037821322	0.261497273627928	0.000234445309959388	0.593804593615525	0.00233689034765971	0.0865330076308167	0.0232100856859794
113	0.00617020964021801	0.442954942778651	0	0.464491912618079	0.0036433618827954	0.0596012869294392	0.0231382861508176
114	0.017170700319648	0.278581510232886	0	0.64747395076591	0.000383992693760638	0.0177622566316576	0.0386275893561377
115	0.00637856329516383	0.33161628061735	1.97173517624848e-05	0.494816801155437	0.000236608221149817	0.113567016813972	0.0533650125451651
116	0.0253405195925977	0.329406400872772	1.22122985988423e-05	0.556160290489876	0.000118052219788809	0.0325702003631123	0.056392324163254
117	0.0204659483986856	0.24835792685786	1.08209103271161e-05	0.58620838909108	0.000263308817959826	0.0641752121800167	0.080518393744071
118	0.00351386651285213	0.339877080971418	0	0.464725421166736	0.000397796209002128	0.164720780210965	0.0267650549290265
119	0.0225028870708024	0.285356451586669	8.13259380946959e-06	0.553703583220832	2.84640783331436e-05	0.0961597892031685	0.0422406922463851
120	0	0.5	0	0.5	0	0	0
121	0.0256022160146799	0.41229444009397	0.00018116153765238	0.496411832770369	5.84392056943162e-06	0.033754485209037	0.031750020453722
122	0.0160969851758192	0.181149892672763	2.10033731417266e-05	0.703440772588078	9.66155164519422e-05	0.053062921905258	0.0461318087684882
123	0.0959126917854472	0.21222561883255	3.6305811108126e-06	0.642173556299421	2.17834866648756e-05	0.0215329765682295	0.028129742446576
124	0.112549455984174	0.213802340916584	3.29706561160567e-05	0.647753874052094	2.06066600725354e-05	0.0131882624464227	0.0126524892845368
125	0.0565910896534865	0.312053616899916	0.000240379718470533	0.60869848642262	2.03711625822486e-05	0.0110737639797103	0.0113222921632138
126	0.0146570161553426	0.455672494834399	0	0.463937456953322	1.20832779516427e-05	0.0382194081610459	0.0275015406179388
127	0.00940465336169925	0.403826022355047	8.44223820619323e-06	0.541502043021646	0	0.0233934420693614	0.0218653969540405
128	0.0495969430485762	0.186697375767728	2.61725293132328e-05	0.700690954773869	0	0.016820212171971	0.0461683417085427
129	0.0676746784226101	0.359449544054593	1.50975300440848e-05	0.550380457757111	0	0.00370644362582282	0.0187737786098194
130	0.075036616206409	0.237556824804756	0	0.641921375248965	0	0.0128017352787646	0.0326834484611057
131	0.062114030871446	0.170559567775418	0	0.721195675320487	6.084242420555e-06	0.00228159090770813	0.0438430508825194
132	0.0609461634770166	0.337579368628152	1.67680200321946e-05	0.556731801108925	5.58934001073153e-06	0.00192832230370238	0.0427919871221606
133	0.0414326572627019	0.412180671465885	0	0.525863138447508	0	0.00740335900591129	0.0131201738179941
134	0.0820334162815499	0.16908638464273	4.26590828297192e-05	0.685915392819054	0	0.00720938499822254	0.0557127621756132
135	0.0468374571510951	0.318891962025992	1.06788547996113e-05	0.573379750755529	1.06788547996113e-05	0.00921585169206454	0.0516536206657198
136	0.0524172333833473	0.213449209844307	9.74298018277831e-06	0.670560611079717	0	0.00190962411582455	0.0616535785966211
137	0.0583831947574274	0.273732742766856	2.59020384904292e-05	0.629419535317429	0	0.00471417100525811	0.0337244541145388
138	0.0212544761464711	0.000346540371953333	0	0.0271456624696777	0	0.951022294097262	0.000231026914635555
139	0.0155574636531661	0.396470342826927	5.82131474393492e-05	0.539252640208791	4.85109561994577e-06	0.019414084671023	0.0292424043970331
140	0.0206753423976006	0.489633899316982	0.000497515973816445	0.455610914078991	0	0.0143142453038046	0.0192680829288055
141	0.048289258582556	0.362923358015194	7.69304740840465e-06	0.559122992595442	0	0.00768920088470045	0.0219674968746995
142	0.0996168207472583	0.319115125991217	9.78496559606096e-06	0.549378850383962	1.95699311921219e-06	0.00354802852513171	0.0283294323937157
143	0.0506853549791414	0.19512778101785	0.000213526080457902	0.6999639873924	3.1869564247448e-06	0.0230990601665503	0.0309071034071751
144	0.0606827154354379	0.195343184516862	3.04466523905697e-05	0.637339774491795	0	0.0146575259050267	0.0919463529984878
145	0.0127314364303972	0.383120548051847	0	0.549702879088656	3.24367807143877e-06	0.026406783179583	0.0280351095714453
146	0.0103836360142212	0.407564219595785	0.000244226642324077	0.541244274686909	2.40222926876141e-05	0.0173120655968739	0.0232275551711989
147	0	1	0	0	0	0	0
148	0.0232047087282934	0.413245402809376	1.10762332831949e-05	0.529373063043705	4.43049331327797e-06	0.0102809597334615	0.0238803589585682
149	0.0231112626213435	0.378505568001039	0.000178565630986007	0.558701016200773	0	0.0039446771208727	0.0355589104249862
150	0.0405139969005685	0.300753190106313	0	0.608246937074005	0	0.020136883705375	0.0303489922137383
151	0.018790436281999	0.508368498877486	4.91253236130693e-06	0.440295537946856	0	0.0138631663236082	0.0186774480376889
152	0.0323958547397469	0.409366468015148	0	0.532726125121099	0	0.00553386372310131	0.0199776884009042
153	0.0883793002273894	0.197535392063376	0.000311743563412308	0.682535025306242	0	0.0139642778552043	0.0172742609843761
154	0.090035207088888	0.194919696190514	4.94481585505756e-06	0.673192175323391	1.48344475651727e-05	0.0152300328335773	0.0266031093002097
155	0.0539401788551765	0.403087079985921	0	0.494291601597873	3.41717952836088e-06	0.00735035316550426	0.0413273692159965
156	0.0174568226839938	0.405805773241392	0	0.515519434875304	0	0.0351111601670743	0.0261068090322356
157	0.0274852007135472	0.410011248593926	5.68110804331277e-06	0.528644146754383	0.000113622160866255	0.0103708627330675	0.0233692379361671
158	0.0238702722127392	0.382144461414069	4.49195939268709e-06	0.551729404366185	0	0.0197331776120744	0.0225181924355404
159	0.0156505477436233	0.417542102681491	0.000255477436232832	0.524750654022237	0	0.019702419882276	0.02209879823414
160	0.026421132164921	0.353969688439829	1.48150342968044e-05	0.538707240107261	5.92601371872176e-06	0.0267381738988726	0.0541430243411013
161	0.0403617870647291	0.232684681361247	1.31750569821214e-05	0.619543879527279	6.58752849106072e-06	0.0366793586382261	0.0707105308230458
162	0.0898345810910102	0.289556566117918	3.9716424727446e-06	0.57519709275771	3.17731397819568e-05	0.011227833270449	0.0341481819806581
163	0.0888916027412433	0.326753819194952	0	0.5457096361008	0	0.00706043402072689	0.0315845079422783
164	0.0649390994677123	0.253346214316834	3.78852455911045e-06	0.633952757098748	0	0.00732321797276051	0.0404349226193859
165	0.00374224861598054	0.712762730353924	8.75038647540266e-06	0.238392612340378	1.16671819672036e-05	0.0389625541794763	0.00611943694179826
166	0.0120407547520134	0.445605403021793	0	0.488862069765823	0	0.016190498294149	0.0373012741662218
167	0.130583149449991	0.0586184550518018	8.2029743985169e-06	0.765222669740048	0	0.0143880170949986	0.0311795056887627
168	0.0402065256731782	0.36151921925096	3.20294158154849e-06	0.540602088958499	0	0.0118028397280062	0.0458661234477744
169	0.0881908777868565	0.196863692074238	0	0.613433086261235	0	0.0168634002567993	0.0846489436208708
170	0.141099691231404	0.192764450586228	0	0.620495325286637	0	0.00444799516334507	0.0411925377323862
171	0.0535191496930569	0.34031026012047	0	0.541628408943414	0	0.00574947480758969	0.0587927064354698
172	0.0502599290379065	0.25919595842811	8.37805118151467e-06	0.575823457705503	0	0.0139745893707665	0.100737687406532
173	0.0475453557670146	0.220967370188667	0	0.630398017247314	0	0.00947674366396173	0.0916125131330426
174	0.0721103195705614	0.144897907991772	0	0.670684292379471	1.25420157527718e-05	0.00374379170220238	0.10855114634024
175	0.0625537968088865	0.160153666337468	0	0.737208817693374	0	0.0102746242151329	0.0298090949451386
176	0.0409574126756647	0.278603666231738	4.27798335864473e-06	0.583696605420205	0	0.0051635259138842	0.0915745117751492
177	0.0761225144974947	0.290652925710245	0	0.525542817898463	4.06376865777785e-06	0.0083104069051557	0.099367271219984
178	0.0636245007710862	0.269102508336958	5.27238456773037e-05	0.605849710677897	1.31809614193259e-05	0.0291694676209683	0.0321879077859939
179	0.0882938102124989	0.237735589173802	3.82605235570044e-06	0.60665120941515	0	0.0104145145122166	0.0569010506339769
180	0.0857322474874062	0.284278517836745	0	0.531917953437919	0	0.0105557701315671	0.087515511106363
181	0.144627460824732	0.146230195128074	0	0.620094039952497	0	0.00262133953829666	0.0864269645563998
182	0.17741181892077	0.0324626698497833	1.28007373224698e-05	0.66906893837085	6.40036866123489e-06	0.00777004755473915	0.113267324197874
183	0.158837354821971	0.206477114906216	0	0.616188208720602	0	0.0019306197823665	0.0165667017688445
184	0.166328893165349	0.108398231951168	0.000114261659199567	0.650227019875515	0	0.00728869110262501	0.0676429022461437
185	0.107867585359224	0.174476735253448	1.18185148854195e-05	0.621967073617529	0	0.00639972581045466	0.0892770614444589
186	0.0783456778764319	0.215786237960411	0	0.656676717954723	0	0.0025302479643005	0.0466611182441334
187	0.217839471405125	0.001380839041407	0	0.688863048626126	0	0.00883615860268779	0.0830804823246546
188	0.129857526205941	0.135797344620547	0	0.663774707832259	0	0.00603920514004759	0.0645312162012055
189	0.0810261620523241	0.310753746507493	0	0.579676784353569	0	0.00892176784353569	0.0196215392430785
190	0.0677108334590539	0.247088996475251	0	0.6428894710134	0	0.00506082591581748	0.0372498731364777
191	0.0809698761891961	0.229371088907806	0	0.654248248876144	0	0.008602535955912	0.0268082500709411
192	0.171753069862956	0.0337202967184946	0	0.708637525669503	8.38187837894472e-06	0.0129583839738485	0.0729223418968191
193	0.0417281115951984	0.244628472338974	0	0.658114813551669	0	0.00764719162651731	0.047881410887641
194	0.0722274803880526	0.0912979377878087	4.55033581478313e-06	0.715394696128574	4.55033581478313e-06	0.00431826868822919	0.116752516335706
195	0.0499869633234834	0.0430340691812967	0	0.77848948374761	4.34555883886668e-06	0.0122848948374761	0.116200243351295
196	0	1	0	0	0	0	0
197	0.0228431280897888	0.356741032395009	0	0.564589302113292	5.4990679079896e-06	0.0159362987973538	0.0398847395366485
198	0.0259795624098803	0.161362923954611	3.13459971161683e-06	0.738132405491819	0	0.00918751175474892	0.0653344617892295
199	0.0580018461801799	0.0122569247039693	6.11317940347595e-06	0.790495228663476	0	0.0188102530244955	0.120429634248476
200	0.0162522367669978	0.477119236516865	0	0.452311165556033	0	0.0197540999377874	0.034563261222317
201	0.0717705007301799	0.212767010717556	4.95037251553179e-06	0.671171505655801	0	0.00955421895497636	0.0347318135689711
202	0.0214768605034627	0.290535341321315	1.03055952511817e-05	0.646050895899747	3.43519841706057e-06	0.0139125535890953	0.0280106078927119
203	0.0160983510606091	0.447469069772136	2.52285708519184e-06	0.467172583607484	7.56857125557551e-06	0.0333345106666398	0.035915393464791
204	0.0495621610323319	0.141340579311559	1.10009790871388e-05	0.689082078304969	0	0.00522821531116269	0.11477596506089
205	0.0295222488339846	0.391106769191983	0	0.493230808017144	0	0.0119059624353964	0.0742342115214925
206	0.0189259110575851	0.333382398858111	0	0.534171907756813	1.33815067576609e-05	0.033966724653196	0.0795396761675365
207	0.0551987652679588	0.0201164208956432	1.15611614342777e-05	0.78800298277965	0	0.00679796292335528	0.129872306971958
208	0.0718295321822742	0.0748218634845042	9.05395250296517e-06	0.764339197276571	1.35809287544478e-05	0.0189091798024428	0.0700775923729504
209	0.0846207102519548	0.17856754995656	3.39378801042572e-06	0.59932938748914	6.78757602085143e-06	0.0200742560816681	0.117397914856646
210	0.00673492064838455	0.330867820820575	0	0.622348231023046	5.08936069147447e-05	0.0262398954984605	0.0137582384026193
211	0.0129355801735152	0.250736786432297	3.1861034910136e-06	0.662177446847829	1.91166209460816e-05	0.0206523228287501	0.0534755609931722
212	0.0272061189238032	0.359425164347959	4.56363648809918e-06	0.558000397036374	2.28181824404959e-06	0.0080342820372986	0.0473271921998325
213	0.0742123579709143	0.0793442270314289	0	0.758133781987754	0	0.00371061789854571	0.084599015111357
214	0.0297454503570606	0.228094045150887	0	0.655350149735084	0	0.00752274821469707	0.0792876065422714
215	0.0488429301305669	0.187468693997039	0	0.719910061331938	0	0.00545420140473514	0.0383241131357206
216	0.0534080962106892	0.0941174978116635	1.26860086011138e-05	0.662742461339389	0	0.0238116381442907	0.165907620485367
217	0	0.5	0	0.5	0	0	0
218	0.0346264872648106	0.124892351996914	0	0.685936520403172	6.88947219753495e-06	0.0175750435759117	0.136962707286995
219	0.0633109503835022	0.29543192188408	0	0.580155702473632	0	0.00684722629795216	0.0542541989608327
220	0.0353959436765276	0.0983553056520645	0.000156378544863645	0.746292808626656	0	0.00333834197948042	0.116461221520407
221	0.0270834383665238	0.208812704814721	1.00831862868666e-05	0.636259137887572	0	0.0111318376607008	0.116702798084195
222	0.0415618010832368	0.00499582334078845	0	0.767098703888335	5.38923769232842e-05	0.0147557328015952	0.171534046509121
223	0.0304973402341117	0.0933895166619775	0	0.780420458932299	0	0.00208070246609044	0.0936119817055217
224	0.0269802624527233	0.070579468255062	0	0.750950638267465	5.10409808034871e-06	0.00951403882177	0.141970488104899
225	0.0068501875309603	0.299620220319392	0.000202863680324582	0.619989149151983	2.35888000377421e-05	0.0190125728304201	0.0543014176868823
226	0.0236955470665871	0.136732889332212	4.35579909312263e-06	0.733407672304523	0	0.00511370813532597	0.101045827362259
227	0.0195318984119958	0.0828228375398187	0	0.818229244887796	0	0.00389689434120353	0.0755191248191857
228	0.0199553916020666	0.198545254793509	4.7354987190476e-06	0.70510155277003	4.7354987190476e-06	0.0110858025012904	0.0653025273356664
229	0.012422681746422	0.222184839152152	2.070446957737e-05	0.672362121172908	0	0.0138875229690209	0.0791221304899195
230	0.0198192553319677	0.285591035064466	0	0.611808651644776	9.63971562838896e-06	0.0224749969875889	0.060296421255573
231	0.00742368352505231	0.407865659476855	4.20129231751687e-06	0.504701246103301	9.6629723302888e-05	0.0162968128996479	0.0636117669795229
232	0.00857078985397322	0.211870563907673	0	0.686637232437266	3.99198409593536e-05	0.0206545257123696	0.0722269682477585
233	0.0317232449473625	0.106844283060294	0	0.736319878398919	0	0.0250520745369588	0.100060519056466
234	0.0805740225778531	0.0488849192464227	0	0.794373031804202	0	0.00354965838566509	0.0726183679858566
235	0.0414355794872623	0.0652130038507802	2.69097152144839e-06	0.731850069830711	2.69097152144839e-06	0.00465538073210571	0.156840584156098
236	0.0649841257083149	0.0253318865624456	3.34900668461734e-05	0.806534581843025	0	0.00633632064729601	0.096779595172072
237	0.0523481723112348	0.0854840257123669	0	0.764007483450062	2.39854168665451e-05	0.00496498129137484	0.0931713518180946
238	0.0149610050646808	0.37330012117948	1.03572205362969e-05	0.519725326511377	0	0.0106265082702406	0.0813766817536846
239	0.0200143838597952	0.225911766375835	9.46306565474951e-06	0.6673637791699	0	0.00932111966992827	0.0773794878588868
240	0.00600075171403761	0.398865300620812	0	0.559644620708426	0	0.0131906372720557	0.0222986896846689
241	0.0273195794295895	0.0949544276011262	0	0.808762943992874	3.97664911638857e-06	0.0014594302257146	0.0674996421015795
242	0.0353337265310135	0.114174776368819	9.82994200334218e-06	0.743802221566893	0	0.0103361840165143	0.0963432615747567
243	0.0855720867191823	0.178138658675338	5.28472217904639e-05	0.671442604808475	0	0.00256464458689016	0.0622291579883239
244	0.0919815997576851	0.282669473335556	2.17909075259257e-06	0.564417191282765	0	0.00669634588271698	0.054233210650524
245	0.126385852214461	0.021477081438771	5.80461660507323e-05	0.732639359170327	0	0.00702358609213861	0.112416074918252
246	0.164498295620813	0.0212671723123403	8.69984735722364e-05	0.609258219378515	0	0.0294371198759876	0.175452194338772
247	0.17389685099591	0.0514015894656336	0.000152961127922056	0.688511289196289	1.33009676453962e-05	0.0052538822199315	0.0807701260266684
284	0.238784162001976	0.0906733618702667	0	0.631852979914389	0	0.0056182087586434	0.0330712874547251
285	0.200552595223998	0.192500493388593	0	0.570317742253799	0	0.0155121373593843	0.0211170317742254
286	0.154425461706318	0.163659588056842	0	0.622864441960722	0	0.00463036883282772	0.0544201394432913
287	0.0474473443223443	0.039854242979243	0	0.867406898656899	0	0.00246108058608059	0.0428304334554335
288	0.0671795390896514	0.247342848466444	0	0.647973816513142	0	0.00337416067753146	0.0341296352532308
289	0.0265688524836101	0.674692830460417	0.00117016967460282	0.277405223757445	0	0.0154672427501988	0.00469568087372669
290	0.0587925451982215	0.622039071093278	0	0.296704828889681	0	0.0132302591829463	0.00923329563587352
291	0.0190652112134535	0.738377827184434	0.00129553166948062	0.223090553484562	2.50748065060765e-05	0.0137075608899885	0.00443824075157553
292	0.0851445626499185	0.258656363869408	0	0.630893743247945	1.83106586343911e-05	0.00155640598392324	0.0237306135901708
293	0.0541870766634636	0.26477136897368	2.34373168959618e-05	0.630041952797244	0	0.00532027093538332	0.0456558933133335
294	0.0526496808276469	0.388248404138235	0	0.518366167730575	0	0.00412722870349989	0.036608518600044
295	0.0936872848308832	0.195271582176247	1.63161415588442e-05	0.668243893684022	0	0.00411166767282873	0.0386692554944607
296	0.0506465791011407	0.318106755417799	0.000368384949569371	0.606450547496253	0	0.00406493737455857	0.0203627956606794
297	0.0588689939456396	0.266182532526085	0	0.645884323070978	0	0.0100959680535875	0.0189681824037099
298	0.0931838492160208	0.306783654236737	0	0.583897960841661	0	0.00112113087984402	0.0150134048257373
299	0.0676041980399879	0.35321919236383	0.000254847902138406	0.557433449945555	0	0.00639436554456363	0.0150939462039247
300	0	0.027027027027027	0	0.432432432432432	0.027027027027027	0.486486486486487	0.027027027027027
301	0.126733217327594	0.0898617089477058	0	0.737686601337119	0	0.0225295356717648	0.0231889367158165
302	0.180379058567656	0.127854590647817	0	0.641121640515768	0	0.000869970483144322	0.0497747397856144
303	0.140429701168731	0.146434320106376	0	0.688571628525439	0	0.00375113723843516	0.020813212961019
304	0.0858426440870451	0.143961788332749	0	0.723967466639945	0	0.00639644604773118	0.0398316548925297
305	0.113198215149723	0.140089242513843	3.22563303048223e-05	0.717542067630773	0	0.0041933229396269	0.0249448954357293
306	0.171863576857031	0.0903310267439686	0	0.67973545063502	0	0.00101161228896407	0.0570583334750157
307	0.0647183058393744	0.286820023973971	0	0.597511273474513	1.14161767224157e-05	0.00840230606769793	0.0425366744677208
308	0.144476066207067	0.0560253156753758	0	0.740123907079964	0	0.00199319846708654	0.0573815125705068
309	0.111732427853273	0.108580911011484	0	0.731828228387358	2.78895295733599e-05	0.00979619726264267	0.0380343459556696
310	0.140429451988107	0.193365738209543	0	0.639062605322089	0	0.0119608445240003	0.0151813599562609
311	0.174486166825193	0.272962243083413	0	0.518609652206278	0	0.0214734709069104	0.012468466978206
312	0.134761237935021	0.407516705356052	0	0.432008496001053	0	0.0170953826489855	0.00861817805888932
313	0.0970690566219008	0.131429238064521	0	0.714632757118054	0	0.0241831994015962	0.0326857487939281
314	0.0558461513751399	0.19884249468629	0	0.634657700729732	0	0.0602416734036117	0.0504119798052264
315	0.0576847096009482	0.185790740275134	0	0.552508889766891	0	0.169383283646421	0.0346323767106067
316	0.0284883720930233	0.00810533515731874	0	0.869357045143639	0	0.00646374829001368	0.0875854993160055
317	0.0356269426781742	0.0119913536029284	0	0.837075371968633	0	0.0205430820934379	0.0947632496568264
318	0.020787952592491	0.225906042570708	0	0.688197862888702	0	0.0052827470284548	0.0598253949196439
319	0.0578616054524801	0.273617947747065	0	0.625828284740629	0	0.00468572510412722	0.0380064369556986
320	0.0494919423595678	0.274421009965477	0	0.570436216752624	0	0.0111115770053252	0.0945392539170056
321	0.0709159333510542	0.269351837602653	0	0.582604681095147	0	0.00485457267169378	0.0722729752794527
322	0.0163206320150296	0.48299051014018	0	0.46505130304928	0	0.0127270099715786	0.0229105448239318
323	0.0567221455674371	0.253330889962056	1.07795791652294e-05	0.567383149361849	2.15591583304588e-05	0.0501250431183167	0.0724064332528458
324	0.080981750591416	0.36963501182832	0	0.49556437985806	0	0.00747718823927002	0.0463416694829334
325	0.138747099767981	0.288805104408353	0	0.550058004640371	0	0.00336426914153132	0.0190255220417633
326	0.0783619101601247	0.394643616267536	0	0.49822870908318	0	0.00736857021397194	0.0213971942751878
327	0.0262086004273504	0.502737713675214	0	0.413027510683761	0	0.0200320512820513	0.0379941239316239
328	0.0702382591929486	0.206720837350227	0	0.653284671532847	0	0.00447596749758986	0.0652802644263876
329	0.0301590653153153	0.446755349099099	0	0.495706644144144	0	0.00647522522522523	0.0209037162162162
330	0.043943402737835	0.335557344990222	0	0.52732083285402	0	0.058782928793282	0.0343954906246405
331	0.0231769361221029	0.503733896640981	0	0.430424563386986	0	0.00627770670316265	0.0363868971467674
332	0.0816379146069431	0.0217237784578135	7.84656600643418e-05	0.714340159845759	0	0.00950555424779456	0.172714127181626
333	0.0860556038227628	0.0766507384882711	0.0027367506516073	0.730053576600058	0	0.00723284100781929	0.0972704894294816
334	0.0260744811671651	0.272594088266104	7.59082421169291e-05	0.650252774446249	0	0.00573107227982814	0.0452716755985365
335	0.0824460194494808	0.0591286193066315	2.19768144607439e-05	0.772265260150541	0	0.00665897478160541	0.0794791494972804
336	0.0710317598965794	0.393190314803815	0.00024457566122777	0.482311938786206	8.73484504384892e-06	0.014395024632263	0.0388176513748646
337	0.0495487545153965	0.20261922411663	0.000423594196759504	0.671796863049643	0	0.00817772129855154	0.06743384282302
338	0.108237230636436	0.0461694418515954	0.000301105055553883	0.753726175062479	0	0.00489797557034316	0.0866680718235926
339	0.0305546355703096	0.547718992860059	0.000169448445310514	0.3579906495267	7.70220205956883e-06	0.0248010906318116	0.0387574807637504
340	0.0307960488088321	0.532248692620569	0	0.349215572341662	0	0.0267286461359675	0.0610110400929692
341	0.00787949015063731	0.59188876013905	0	0.322672846658942	0	0.0386249517188103	0.0389339513325608
342	0.0149660688317984	0.639663111972855	0	0.298594280174503	3.02956858943286e-05	0.0184500727096461	0.028296170625303
343	0.0589383294301327	0.487900078064012	0	0.405542544886807	0	0.0113192818110851	0.0362997658079625
344	0.0158677982309347	0.550083672005737	0	0.399264881663878	0	0.0135070523547693	0.0212765957446809
345	0.0799337336922758	0.415821080969145	0	0.453510043487264	0	0.0223648788569062	0.0283702629944088
346	0.0292882963423641	0.590935592956816	0	0.28077506121973	0	0.0422513312861974	0.0567497181948925
347	0.0131147540983607	0.448680188941373	0	0.444012225618227	0	0.0476243400944707	0.0465684912475688
348	0.012159047601764	0.613668947244252	0	0.319238516959149	0	0.0467306680217048	0.00820282017313032
349	0.0141747259253943	0.426838677264816	0	0.481779197244003	1.79426910448029e-05	0.0256401055030233	0.0515493513717187
350	0.0323639385126714	0.121811383464894	0	0.696343996676361	6.23182384711259e-05	0.0552139592854175	0.0942044038221853
351	0.0634532482920312	0.00204199964706179	7.5629616557844e-05	0.753674338871102	0	0.00342854261728893	0.177326240955958
352	0.145860776167798	0.0236092815888135	0	0.787668456783869	0	0.0168710102340663	0.0259904752254534
353	0.0703183207871952	0.269300927472189	0.000333992754926393	0.590011047452663	5.13835007579066e-05	0.0144901472137297	0.0554941808185392
354	0.0394719152483128	0.358204942055874	0	0.535532790191175	0	0.0438278078029631	0.0229625447016751
355	0.0677571160963129	0.263261296660118	0	0.632430209713529	4.56892219125508e-05	0.0142321926257596	0.0222734956823685
356	0.0420735767395406	0.304058927976917	0	0.585395627566308	8.32316058151149e-05	0.025011097547442	0.0433775385639774
357	0.0581735598550028	0.303300286791574	0	0.572957155959296	5.82317916466495e-05	0.0375740635600006	0.0279367020424801
358	0.0364942021307905	0.443169109423745	0	0.472393901936547	0.000706339396079816	0.0361557478368356	0.0110806992760021
359	0.116484059642475	0.181304649712262	0.000611959092888329	0.582985183528886	1.17684440940063e-05	0.0373530415543761	0.0812493380250197
360	0.0517011220550565	0.332515544010295	1.20263135741001e-05	0.505995117316689	0	0.0852184579860735	0.0245577323183125
361	0.176706971403968	0.0735890351978759	0	0.71479315417459	0	0.0129525313049406	0.0219583079186251
362	0.189171725083219	0.199510475817505	3.91619345995692e-05	0.580086156256119	0	0.0263755629528099	0.00481691795574701
363	0.195129642952174	0.179174345379468	0	0.584817336973125	0	0.00715475357491303	0.0337239211203201
364	0.177087106120971	0.268256519377037	0	0.526994295545092	0	0.0100733429916697	0.01758873596523
365	0.148126930637461	0.093647851727043	0	0.711609098567818	0	0.0158944116821118	0.0307217073855659
366	0.0725039467097917	0.267115243925917	0	0.587154903546263	0	0.0100978013938624	0.0631281044241654
367	0.133507268740356	0.262791358726549	0.000274100544140339	0.571428571428571	0	0.00787785267603346	0.0241208478843499
368	0.0305241961864746	0.292360591147329	0	0.631259859119095	7.26939656739094e-06	0.0120163125258972	0.0338317716246374
369	0.0825670137430669	0.261538238744153	0	0.57785324316105	0	0.0142571647864684	0.0637843395652615
370	0.0633886906395828	0.288155366456217	0	0.59717265989569	6.86247598133407e-06	0.0118034586878946	0.0394729618446335
371	0.0576252789565038	0.260939539540476	0	0.571583630808962	0	0.0121968906584075	0.0976546600356503
372	0.161802210257863	0.00935109096061207	0	0.673136865967696	0	0.00680079342589969	0.148909039387929
373	0.034495149119655	0.370104204096299	0	0.496825967181698	0	0.0140136543298599	0.0845610252724877
374	0.109948940120687	0.164691319820517	0	0.647439269688999	0	0.00454897106606839	0.0733714993037289
375	0.0556678627381614	0.323848991762268	0	0.573482589579017	0	0.0168292313134887	0.0301713246070652
376	0.050058513051993	0.460915669556495	0	0.450932626400134	0	0.0149029160994483	0.02319027489193
377	0.13724709256014	0.112952047156285	0	0.715230205512187	0	0.00983750199139716	0.0247331527799904
378	0.0927391524409884	0.183660792343441	0	0.688860258592923	0	0.0121704320618414	0.0225693645608061
